DeltaS, gs_value[GS_RIGHT], gs_value[GS_LEFT],lfm_speed[LEFT],lfm_speed[RIGHT]
2, 842, 840, 199, 200
3, 820, 817, 198, 201
5, 830, 825, 198, 202
4, 843, 839, 198, 201
-3, 856, 859, 201, 198
-4, 853, 857, 201, 198
1, 850, 849, 199, 200
-3, 843, 846, 201, 198
0, 845, 845, 200, 200
1, 842, 841, 199, 200
1, 839, 838, 199, 200
1, 840, 839, 199, 200
1, 839, 838, 199, 200
4, 842, 838, 198, 201
2, 842, 840, 199, 200
2, 845, 843, 199, 200
-5, 841, 846, 202, 198
2, 845, 843, 199, 200
-2, 843, 845, 200, 199
4, 847, 843, 198, 201
-2, 845, 847, 200, 199
2, 845, 843, 199, 200
-5, 841, 846, 202, 198
1, 844, 843, 199, 200
-8, 837, 845, 203, 196
-4, 841, 845, 201, 198
1, 841, 840, 199, 200
4, 847, 843, 198, 201
3, 840, 837, 198, 201
-2, 840, 842, 200, 199
0, 842, 842, 200, 200
0, 840, 840, 200, 200
3, 839, 836, 198, 201
-3, 839, 842, 201, 198
-2, 839, 841, 200, 199
0, 844, 844, 200, 200
4, 842, 838, 198, 201
-1, 841, 842, 200, 199
2, 842, 840, 199, 200
-3, 841, 844, 201, 198
-2, 843, 845, 200, 199
-7, 839, 846, 202, 197
-2, 842, 844, 200, 199
2, 848, 846, 199, 200
-3, 843, 846, 201, 198
-1, 845, 846, 200, 199
-1, 844, 845, 200, 199
3, 845, 842, 198, 201
0, 843, 843, 200, 200
-2, 838, 840, 200, 199
1, 842, 841, 199, 200
0, 838, 838, 200, 200
-3, 840, 843, 201, 198
3, 841, 838, 198, 201
-1, 839, 840, 200, 199
0, 838, 838, 200, 200
2, 843, 841, 199, 200
-6, 835, 841, 202, 197
0, 840, 840, 200, 200
3, 840, 837, 198, 201
-4, 839, 843, 201, 198
0, 841, 841, 200, 200
2, 844, 842, 199, 200
2, 841, 839, 199, 200
0, 843, 843, 200, 200
-2, 842, 844, 200, 199
-1, 842, 843, 200, 199
3, 846, 843, 198, 201
-3, 842, 845, 201, 198
-2, 842, 844, 200, 199
-1, 845, 846, 200, 199
2, 846, 844, 199, 200
-6, 840, 846, 202, 197
0, 840, 840, 200, 200
-5, 840, 845, 202, 198
-3, 837, 840, 201, 198
2, 843, 841, 199, 200
0, 840, 840, 200, 200
4, 841, 837, 198, 201
-5, 839, 844, 202, 198
-1, 840, 841, 200, 199
4, 840, 836, 198, 201
2, 841, 839, 199, 200
6, 843, 837, 197, 202
2, 842, 840, 199, 200
-3, 839, 842, 201, 198
2, 842, 840, 199, 200
0, 844, 844, 200, 200
2, 843, 841, 199, 200
-6, 841, 847, 202, 197
1, 841, 840, 199, 200
3, 844, 841, 198, 201
8, 849, 841, 196, 203
1, 843, 842, 199, 200
-1, 844, 845, 200, 199
8, 847, 839, 196, 203
1, 840, 839, 199, 200
2, 842, 840, 199, 200
-2, 839, 841, 200, 199
0, 840, 840, 200, 200
3, 844, 841, 198, 201
4, 840, 836, 198, 201
3, 839, 836, 198, 201
0, 839, 839, 200, 200
3, 842, 839, 198, 201
-3, 843, 846, 201, 198
5, 841, 836, 198, 202
-2, 836, 838, 200, 199
2, 843, 841, 199, 200
3, 844, 841, 198, 201
-2, 840, 842, 200, 199
-1, 841, 842, 200, 199
0, 843, 843, 200, 200
490, 843, 353, 4, 396
487, 842, 355, 5, 394
548, 848, 300, -19, 419
542, 844, 302, -16, 416
545, 845, 300, -18, 418
543, 845, 302, -17, 417
326, 843, 517, 69, 330
30, 842, 812, 188, 212
31, 844, 813, 187, 212
1, 842, 841, 199, 200
3, 843, 840, 198, 201
-4, 843, 847, 201, 198
-1, 844, 845, 200, 199
3, 844, 841, 198, 201
1, 848, 847, 199, 200
4, 847, 843, 198, 201
2, 842, 840, 199, 200
-540, 300, 840, 416, -16
-545, 298, 843, 418, -18
-542, 299, 841, 416, -16
-546, 299, 845, 418, -18
-546, 298, 844, 418, -18
-539, 301, 840, 415, -15
-542, 299, 841, 416, -16
-540, 299, 839, 416, -16
-540, 301, 841, 416, -16
-544, 300, 844, 417, -17
-542, 300, 842, 416, -16
-546, 299, 845, 418, -18
-545, 298, 843, 418, -18
-543, 299, 842, 417, -17
-544, 299, 843, 417, -17
-542, 301, 843, 416, -16
-545, 299, 844, 418, -18
-543, 298, 841, 417, -17
-545, 298, 843, 418, -18
-546, 300, 846, 418, -18
-544, 301, 845, 417, -17
-547, 300, 847, 418, -18
-543, 301, 844, 417, -17
-541, 301, 842, 416, -16
-546, 300, 846, 418, -18
-540, 301, 841, 416, -16
-544, 298, 842, 417, -17
-545, 298, 843, 418, -18
-540, 301, 841, 416, -16
-545, 297, 842, 418, -18
-541, 300, 841, 416, -16
-545, 300, 845, 418, -18
-547, 298, 845, 418, -18
-541, 301, 842, 416, -16
-543, 300, 843, 417, -17
-106, 740, 846, 242, 157
-546, 299, 845, 418, -18
-101, 739, 840, 240, 159
-546, 298, 844, 418, -18
-106, 736, 842, 242, 157
-109, 736, 845, 243, 156
-542, 300, 842, 416, -16
-104, 741, 845, 241, 158
-107, 737, 844, 242, 157
-106, 737, 843, 242, 157
-545, 300, 845, 418, -18
-112, 734, 846, 244, 155
-103, 740, 843, 241, 158
-105, 739, 844, 242, 158
-101, 741, 842, 240, 159
-540, 300, 840, 416, -16
-99, 741, 840, 239, 160
-106, 740, 846, 242, 157
-103, 739, 842, 241, 158
-98, 742, 840, 239, 160
-543, 301, 844, 417, -17
-106, 740, 846, 242, 157
-104, 738, 842, 241, 158
-107, 739, 846, 242, 157
-103, 739, 842, 241, 158
-104, 739, 843, 241, 158
-101, 742, 843, 240, 159
-108, 737, 845, 243, 156
-108, 740, 848, 243, 156
-106, 735, 841, 242, 157
-104, 738, 842, 241, 158
-543, 300, 843, 417, -17
-104, 739, 843, 241, 158
-524, 322, 846, 409, -9
-529, 318, 847, 411, -11
-537, 313, 850, 414, -14
-539, 304, 843, 415, -15
-548, 297, 845, 419, -19
-547, 299, 846, 418, -18
-543, 299, 842, 417, -17
-537, 301, 838, 414, -14
-539, 299, 838, 415, -15
-532, 300, 832, 412, -12
-540, 299, 839, 416, -16
-545, 298, 843, 418, -18
-542, 301, 843, 416, -16
-545, 298, 843, 418, -18
-545, 298, 843, 418, -18
-543, 301, 844, 417, -17
-545, 302, 847, 418, -18
-542, 303, 845, 416, -16
-548, 300, 848, 419, -19
-545, 300, 845, 418, -18
-544, 300, 844, 417, -17
-544, 298, 842, 417, -17
-541, 300, 841, 416, -16
-543, 298, 841, 417, -17
-541, 299, 840, 416, -16
-541, 299, 840, 416, -16
-538, 301, 839, 415, -15
-540, 300, 840, 416, -16
-538, 300, 838, 415, -15
-540, 300, 840, 416, -16
-540, 299, 839, 416, -16
-109, 731, 840, 243, 156
-101, 735, 836, 240, 159
-108, 735, 843, 243, 156
-107, 736, 843, 242, 157
-105, 737, 842, 242, 158
-105, 738, 843, 242, 158
-102, 739, 841, 240, 159
-103, 738, 841, 241, 158
-102, 741, 843, 240, 159
-101, 740, 841, 240, 159
-2, 845, 847, 200, 199
-110, 739, 849, 244, 156
-104, 739, 843, 241, 158
-108, 738, 846, 243, 156
-540, 300, 840, 416, -16
-543, 299, 842, 417, -17
-545, 298, 843, 418, -18
-541, 301, 842, 416, -16
-541, 301, 842, 416, -16
-543, 300, 843, 417, -17
-544, 297, 841, 417, -17
-538, 300, 838, 415, -15
-545, 300, 845, 418, -18
2, 842, 840, 199, 200
4, 845, 841, 198, 201
-1, 842, 843, 200, 199
2, 846, 844, 199, 200
3, 846, 843, 198, 201
2, 847, 845, 199, 200
-1, 846, 847, 200, 199
-1, 842, 843, 200, 199
-1, 843, 844, 200, 199
1, 842, 841, 199, 200
0, 846, 846, 200, 200
5, 848, 843, 198, 202
0, 845, 845, 200, 200
-6, 842, 848, 202, 197
-1, 843, 844, 200, 199
1, 844, 843, 199, 200
-2, 842, 844, 200, 199
538, 842, 304, -15, 415
544, 845, 301, -17, 417
4, 846, 842, 198, 201
1, 845, 844, 199, 200
-3, 843, 846, 201, 198
-5, 841, 846, 202, 198
-2, 841, 843, 200, 199
-1, 843, 844, 200, 199
49, 843, 794, 180, 219
58, 846, 788, 176, 223
51, 843, 792, 179, 220
55, 846, 791, 178, 222
539, 840, 301, -15, 415
3, 844, 841, 198, 201
-1, 842, 843, 200, 199
4, 842, 838, 198, 201
8, 848, 840, 196, 203
-1, 841, 842, 200, 199
2, 843, 841, 199, 200
2, 844, 842, 199, 200
-4, 839, 843, 201, 198
4, 845, 841, 198, 201
-4, 840, 844, 201, 198
0, 842, 842, 200, 200
3, 842, 839, 198, 201
3, 843, 840, 198, 201
4, 843, 839, 198, 201
-3, 840, 843, 201, 198
3, 845, 842, 198, 201
-2, 843, 845, 200, 199
4, 844, 840, 198, 201
-2, 842, 844, 200, 199
0, 843, 843, 200, 200
-6, 838, 844, 202, 197
-1, 842, 843, 200, 199
-3, 838, 841, 201, 198
-5, 837, 842, 202, 198
3, 845, 842, 198, 201
0, 840, 840, 200, 200
-4, 840, 844, 201, 198
-3, 839, 842, 201, 198
2, 843, 841, 199, 200
-5, 840, 845, 202, 198
2, 841, 839, 199, 200
-6, 837, 843, 202, 197
-3, 841, 844, 201, 198
-1, 840, 841, 200, 199
2, 841, 839, 199, 200
-3, 842, 845, 201, 198
2, 846, 844, 199, 200
1, 843, 842, 199, 200
1, 842, 841, 199, 200
-2, 840, 842, 200, 199
-3, 842, 845, 201, 198
-1, 841, 842, 200, 199
3, 842, 839, 198, 201
-2, 840, 842, 200, 199
5, 843, 838, 198, 202
-6, 838, 844, 202, 197
2, 844, 842, 199, 200
-4, 838, 842, 201, 198
-2, 843, 845, 200, 199
-3, 840, 843, 201, 198
5, 842, 837, 198, 202
4, 841, 837, 198, 201
3, 842, 839, 198, 201
-1, 842, 843, 200, 199
2, 845, 843, 199, 200
-1, 841, 842, 200, 199
0, 839, 839, 200, 200
-2, 840, 842, 200, 199
2, 843, 841, 199, 200
-1, 842, 843, 200, 199
-3, 839, 842, 201, 198
2, 845, 843, 199, 200
2, 845, 843, 199, 200
-1, 844, 845, 200, 199
2, 843, 841, 199, 200
4, 847, 843, 198, 201
4, 844, 840, 198, 201
2, 845, 843, 199, 200
3, 843, 840, 198, 201
3, 846, 843, 198, 201
-5, 839, 844, 202, 198
0, 842, 842, 200, 200
-2, 841, 843, 200, 199
1, 843, 842, 199, 200
5, 844, 839, 198, 202
-3, 839, 842, 201, 198
-2, 839, 841, 200, 199
0, 841, 841, 200, 200
1, 843, 842, 199, 200
5, 843, 838, 198, 202
2, 844, 842, 199, 200
-3, 842, 845, 201, 198
-6, 837, 843, 202, 197
0, 841, 841, 200, 200
-1, 842, 843, 200, 199
3, 843, 840, 198, 201
-2, 845, 847, 200, 199
-2, 839, 841, 200, 199
0, 841, 841, 200, 200
0, 843, 843, 200, 200
4, 846, 842, 198, 201
-2, 841, 843, 200, 199
3, 843, 840, 198, 201
0, 842, 842, 200, 200
3, 844, 841, 198, 201
1, 842, 841, 199, 200
-3, 839, 842, 201, 198
-1, 843, 844, 200, 199
0, 843, 843, 200, 200
-5, 837, 842, 202, 198
0, 842, 842, 200, 200
-7, 840, 847, 202, 197
-1, 837, 838, 200, 199
1, 843, 842, 199, 200
4, 841, 837, 198, 201
4, 844, 840, 198, 201
3, 844, 841, 198, 201
3, 843, 840, 198, 201
-6, 840, 846, 202, 197
-1, 842, 843, 200, 199
2, 843, 841, 199, 200
-2, 839, 841, 200, 199
6, 846, 840, 197, 202
-1, 842, 843, 200, 199
3, 846, 843, 198, 201
4, 846, 842, 198, 201
4, 845, 841, 198, 201
1, 844, 843, 199, 200
3, 844, 841, 198, 201
0, 842, 842, 200, 200
-1, 843, 844, 200, 199
-3, 842, 845, 201, 198
-546, 299, 845, 418, -18
-539, 301, 840, 415, -15
-540, 299, 839, 416, -16
-542, 300, 842, 416, -16
-535, 300, 835, 414, -14
-544, 299, 843, 417, -17
-537, 301, 838, 414, -14
-539, 300, 839, 415, -15
-539, 300, 839, 415, -15
-540, 300, 840, 416, -16
-538, 301, 839, 415, -15
-540, 301, 841, 416, -16
-541, 300, 841, 416, -16
-541, 299, 840, 416, -16
-544, 298, 842, 417, -17
-544, 299, 843, 417, -17
-542, 302, 844, 416, -16
-545, 298, 843, 418, -18
-543, 299, 842, 417, -17
-546, 299, 845, 418, -18
-545, 299, 844, 418, -18
-539, 302, 841, 415, -15
-539, 301, 840, 415, -15
-542, 299, 841, 416, -16
-542, 298, 840, 416, -16
-545, 299, 844, 418, -18
-2, 839, 841, 200, 199
5, 855, 850, 198, 202
-532, 314, 846, 412, -12
-537, 299, 836, 414, -14
-537, 299, 836, 414, -14
-534, 299, 833, 413, -13
-542, 299, 841, 416, -16
-66, 774, 840, 226, 173
4, 846, 842, 198, 201
4, 847, 843, 198, 201
-538, 310, 848, 415, -15
0, 843, 843, 200, 200
5, 846, 841, 198, 202
-1, 843, 844, 200, 199
2, 846, 844, 199, 200
3, 844, 841, 198, 201
-2, 844, 846, 200, 199
3, 843, 840, 198, 201
-5, 836, 841, 202, 198
0, 842, 842, 200, 200
4, 845, 841, 198, 201
-2, 840, 842, 200, 199
-3, 842, 845, 201, 198
8, 845, 837, 196, 203
2, 844, 842, 199, 200
-1, 840, 841, 200, 199
0, 844, 844, 200, 200
-2, 843, 845, 200, 199
0, 843, 843, 200, 200
-2, 842, 844, 200, 199
0, 844, 844, 200, 200
-2, 843, 845, 200, 199
3, 845, 842, 198, 201
3, 843, 840, 198, 201
5, 846, 841, 198, 202
-5, 840, 845, 202, 198
-3, 842, 845, 201, 198
-7, 837, 844, 202, 197
0, 841, 841, 200, 200
4, 846, 842, 198, 201
-2, 839, 841, 200, 199
0, 842, 842, 200, 200
-3, 840, 843, 201, 198
-1, 840, 841, 200, 199
-6, 842, 848, 202, 197
-1, 839, 840, 200, 199
0, 841, 841, 200, 200
2, 841, 839, 199, 200
-2, 842, 844, 200, 199
-2, 842, 844, 200, 199
-3, 840, 843, 201, 198
2, 844, 842, 199, 200
-3, 840, 843, 201, 198
-1, 844, 845, 200, 199
-2, 841, 843, 200, 199
1, 843, 842, 199, 200
-4, 839, 843, 201, 198
-3, 841, 844, 201, 198
0, 842, 842, 200, 200
-2, 841, 843, 200, 199
-2, 840, 842, 200, 199
6, 842, 836, 197, 202
-1, 841, 842, 200, 199
-1, 842, 843, 200, 199
3, 842, 839, 198, 201
-1, 839, 840, 200, 199
1, 844, 843, 199, 200
3, 844, 841, 198, 201
0, 841, 841, 200, 200
-6, 837, 843, 202, 197
2, 844, 842, 199, 200
200, 841, 641, 120, 280
-1, 840, 841, 200, 199
-5, 836, 841, 202, 198
-4, 841, 845, 201, 198
-2, 843, 845, 200, 199
-4, 838, 842, 201, 198
-2, 841, 843, 200, 199
114, 840, 726, 154, 245
116, 842, 726, 153, 246
546, 846, 300, -18, 418
544, 844, 300, -17, 417
105, 844, 739, 158, 242
104, 842, 738, 158, 241
542, 840, 298, -16, 416
545, 844, 299, -18, 418
549, 846, 297, -19, 419
541, 843, 302, -16, 416
550, 849, 299, -20, 420
547, 847, 300, -18, 418
544, 845, 301, -17, 417
545, 846, 301, -18, 418
542, 841, 299, -16, 416
545, 846, 301, -18, 418
539, 838, 299, -15, 415
546, 845, 299, -18, 418
543, 844, 301, -17, 417
549, 849, 300, -19, 419
546, 846, 300, -18, 418
0, 841, 841, 200, 200
546, 844, 298, -18, 418
546, 845, 299, -18, 418
-2, 841, 843, 200, 199
545, 845, 300, -18, 418
544, 843, 299, -17, 417
-2, 840, 842, 200, 199
8, 843, 835, 196, 203
-2, 843, 845, 200, 199
-2, 844, 846, 200, 199
-4, 843, 847, 201, 198
545, 845, 300, -18, 418
546, 843, 297, -18, 418
2, 843, 841, 199, 200
541, 840, 299, -16, 416
1, 843, 842, 199, 200
545, 845, 300, -18, 418
-2, 842, 844, 200, 199
545, 845, 300, -18, 418
1, 845, 844, 199, 200
-1, 844, 845, 200, 199
546, 847, 301, -18, 418
3, 844, 841, 198, 201
541, 841, 300, -16, 416
2, 846, 844, 199, 200
549, 848, 299, -19, 419
1, 846, 845, 199, 200
-3, 844, 847, 201, 198
540, 841, 301, -16, 416
3, 845, 842, 198, 201
-7, 841, 848, 202, 197
543, 843, 300, -17, 417
-6, 839, 845, 202, 197
4, 847, 843, 198, 201
541, 843, 302, -16, 416
0, 846, 846, 200, 200
-1, 842, 843, 200, 199
540, 842, 302, -16, 416
2, 846, 844, 199, 200
1, 843, 842, 199, 200
2, 845, 843, 199, 200
5, 846, 841, 198, 202
1, 845, 844, 199, 200
3, 845, 842, 198, 201
4, 845, 841, 198, 201
1, 845, 844, 199, 200
-1, 845, 846, 200, 199
-6, 841, 847, 202, 197
110, 844, 734, 156, 244
105, 844, 739, 158, 242
105, 841, 736, 158, 242
105, 840, 735, 158, 242
107, 842, 735, 157, 242
113, 848, 735, 154, 245
103, 841, 738, 158, 241
107, 840, 733, 157, 242
104, 838, 734, 158, 241
108, 839, 731, 156, 243
99, 848, 749, 160, 239
532, 846, 314, -12, 412
534, 844, 310, -13, 413
534, 839, 305, -13, 413
544, 843, 299, -17, 417
3, 842, 839, 198, 201
-4, 837, 841, 201, 198
2, 842, 840, 199, 200
1, 841, 840, 199, 200
2, 841, 839, 199, 200
-4, 844, 848, 201, 198
-4, 841, 845, 201, 198
-4, 841, 845, 201, 198
-2, 842, 844, 200, 199
3, 844, 841, 198, 201
0, 844, 844, 200, 200
-4, 843, 847, 201, 198
1, 844, 843, 199, 200
-4, 841, 845, 201, 198
-2, 845, 847, 200, 199
0, 841, 841, 200, 200
4, 846, 842, 198, 201
0, 846, 846, 200, 200
3, 846, 843, 198, 201
-4, 842, 846, 201, 198
0, 842, 842, 200, 200
1, 845, 844, 199, 200
-1, 844, 845, 200, 199
2, 846, 844, 199, 200
2, 846, 844, 199, 200
2, 847, 845, 199, 200
0, 841, 841, 200, 200
-1, 844, 845, 200, 199
1, 846, 845, 199, 200
-4, 842, 846, 201, 198
-1, 839, 840, 200, 199
-4, 842, 846, 201, 198
4, 842, 838, 198, 201
1, 845, 844, 199, 200
-2, 844, 846, 200, 199
2, 844, 842, 199, 200
-2, 842, 844, 200, 199
0, 844, 844, 200, 200
0, 843, 843, 200, 200
0, 844, 844, 200, 200
-2, 753, 755, 200, 199
1, 757, 756, 199, 200
-5, 755, 760, 202, 198
0, 754, 754, 200, 200
-1, 756, 757, 200, 199
1, 757, 756, 199, 200
-7, 751, 758, 202, 197
3, 757, 754, 198, 201
4, 757, 753, 198, 201
3, 756, 753, 198, 201
-3, 752, 755, 201, 198
2, 754, 752, 199, 200
4, 757, 753, 198, 201
7, 759, 752, 197, 202
-1, 755, 756, 200, 199
-1, 755, 756, 200, 199
-5, 754, 759, 202, 198
0, 754, 754, 200, 200
-5, 756, 761, 202, 198
0, 755, 755, 200, 200
6, 758, 752, 197, 202
1, 757, 756, 199, 200
-3, 753, 756, 201, 198
-2, 757, 759, 200, 199
-3, 753, 756, 201, 198
0, 760, 760, 200, 200
3, 761, 758, 198, 201
6, 761, 755, 197, 202
6, 762, 756, 197, 202
3, 758, 755, 198, 201
1, 760, 759, 199, 200
0, 757, 757, 200, 200
-1, 759, 760, 200, 199
-2, 756, 758, 200, 199
-7, 754, 761, 202, 197
2, 758, 756, 199, 200
-2, 754, 756, 200, 199
-2, 758, 760, 200, 199
4, 758, 754, 198, 201
-4, 754, 758, 201, 198
2, 758, 756, 199, 200
3, 756, 753, 198, 201
-2, 756, 758, 200, 199
-3, 753, 756, 201, 198
-4, 755, 759, 201, 198
-1, 758, 759, 200, 199
-1, 758, 759, 200, 199
1, 757, 756, 199, 200
-1, 757, 758, 200, 199
7, 761, 754, 197, 202
-1, 756, 757, 200, 199
-3, 756, 759, 201, 198
-1, 757, 758, 200, 199
2, 760, 758, 199, 200
0, 760, 760, 200, 200
2, 758, 756, 199, 200
7, 762, 755, 197, 202
2, 760, 758, 199, 200
-4, 757, 761, 201, 198
3, 760, 757, 198, 201
-7, 756, 763, 202, 197
-3, 754, 757, 201, 198
-3, 753, 756, 201, 198
2, 759, 757, 199, 200
1, 758, 757, 199, 200
-1, 756, 757, 200, 199
-3, 755, 758, 201, 198
-5, 754, 759, 202, 198
0, 757, 757, 200, 200
0, 756, 756, 200, 200
-3, 757, 760, 201, 198
3, 759, 756, 198, 201
-2, 755, 757, 200, 199
2, 758, 756, 199, 200
-2, 759, 761, 200, 199
-1, 756, 757, 200, 199
-1, 755, 756, 200, 199
-1, 756, 757, 200, 199
-3, 759, 762, 201, 198
-4, 756, 760, 201, 198
-1, 757, 758, 200, 199
0, 756, 756, 200, 200
0, 757, 757, 200, 200
-1, 758, 759, 200, 199
-5, 755, 760, 202, 198
0, 753, 753, 200, 200
4, 757, 753, 198, 201
-3, 755, 758, 201, 198
6, 759, 753, 197, 202
2, 757, 755, 199, 200
-4, 758, 762, 201, 198
1, 757, 756, 199, 200
-1, 756, 757, 200, 199
-2, 758, 760, 200, 199
0, 755, 755, 200, 200
-2, 758, 760, 200, 199
-1, 757, 758, 200, 199
0, 756, 756, 200, 200
3, 762, 759, 198, 201
0, 755, 755, 200, 200
2, 759, 757, 199, 200
5, 760, 755, 198, 202
1, 758, 757, 199, 200
-3, 753, 756, 201, 198
2, 759, 757, 199, 200
3, 761, 758, 198, 201
6, 761, 755, 197, 202
4, 759, 755, 198, 201
-3, 755, 758, 201, 198
0, 757, 757, 200, 200
-2, 756, 758, 200, 199
3, 760, 757, 198, 201
2, 759, 757, 199, 200
2, 755, 753, 199, 200
0, 756, 756, 200, 200
1, 755, 754, 199, 200
-3, 756, 759, 201, 198
0, 757, 757, 200, 200
0, 757, 757, 200, 200
-2, 757, 759, 200, 199
5, 759, 754, 198, 202
-1, 756, 757, 200, 199
-1, 755, 756, 200, 199
1, 756, 755, 199, 200
2, 756, 754, 199, 200
-86, 758, 844, 234, 165
-84, 761, 845, 233, 166
0, 760, 760, 200, 200
-6, 754, 760, 202, 197
-1, 758, 759, 200, 199
-2, 755, 757, 200, 199
1, 758, 757, 199, 200
-1, 756, 757, 200, 199
-1, 755, 756, 200, 199
-1, 755, 756, 200, 199
3, 759, 756, 198, 201
-81, 755, 836, 232, 167
-85, 757, 842, 234, 166
-85, 757, 842, 234, 166
-86, 754, 840, 234, 165
-84, 758, 842, 233, 166
-82, 759, 841, 232, 167
-88, 757, 845, 235, 164
-91, 754, 845, 236, 163
49, 760, 711, 180, 219
46, 757, 711, 181, 218
40, 755, 715, 184, 216
45, 757, 712, 182, 218
-85, 756, 841, 234, 166
-83, 758, 841, 233, 166
-88, 755, 843, 235, 164
-86, 758, 844, 234, 165
-85, 756, 841, 234, 166
-88, 757, 845, 235, 164
-88, 757, 845, 235, 164
-57, 755, 812, 222, 177
-4, 805, 809, 201, 198
-52, 757, 809, 220, 179
-89, 755, 844, 235, 164
-79, 759, 838, 231, 168
-80, 757, 837, 232, 168
-93, 749, 842, 237, 162
-82, 755, 837, 232, 167
-83, 758, 841, 233, 166
-84, 754, 838, 233, 166
-90, 752, 842, 236, 164
-74, 765, 839, 229, 170
-72, 767, 839, 228, 171
-79, 763, 842, 231, 168
-1, 839, 840, 200, 199
2, 844, 842, 199, 200
-5, 838, 843, 202, 198
-5, 840, 845, 202, 198
-3, 840, 843, 201, 198
-1, 843, 844, 200, 199
0, 844, 844, 200, 200
-4, 841, 845, 201, 198
-4, 839, 843, 201, 198
-3, 840, 843, 201, 198
-1, 844, 845, 200, 199
2, 844, 842, 199, 200
0, 844, 844, 200, 200
1, 841, 840, 199, 200
-6, 841, 847, 202, 197
0, 842, 842, 200, 200
-2, 840, 842, 200, 199
1, 841, 840, 199, 200
-4, 839, 843, 201, 198
-4, 840, 844, 201, 198
7, 844, 837, 197, 202
-1, 843, 844, 200, 199
2, 841, 839, 199, 200
2, 841, 839, 199, 200
-2, 840, 842, 200, 199
1, 842, 841, 199, 200
1, 843, 842, 199, 200
2, 843, 841, 199, 200
-1, 841, 842, 200, 199
3, 841, 838, 198, 201
3, 843, 840, 198, 201
-3, 843, 846, 201, 198
1, 841, 840, 199, 200
2, 843, 841, 199, 200
-1, 844, 845, 200, 199
-1, 842, 843, 200, 199
2, 847, 845, 199, 200
-1, 843, 844, 200, 199
0, 844, 844, 200, 200
-2, 840, 842, 200, 199
-3, 839, 842, 201, 198
-1, 843, 844, 200, 199
2, 842, 840, 199, 200
-8, 837, 845, 203, 196
-3, 840, 843, 201, 198
-2, 840, 842, 200, 199
-1, 842, 843, 200, 199
0, 842, 842, 200, 200
-1, 842, 843, 200, 199
2, 840, 838, 199, 200
-6, 840, 846, 202, 197
-5, 838, 843, 202, 198
1, 844, 843, 199, 200
1, 843, 842, 199, 200
-1, 845, 846, 200, 199
-3, 842, 845, 201, 198
-2, 843, 845, 200, 199
1, 842, 841, 199, 200
0, 846, 846, 200, 200
3, 841, 838, 198, 201
0, 846, 846, 200, 200
-2, 842, 844, 200, 199
2, 842, 840, 199, 200
0, 842, 842, 200, 200
0, 842, 842, 200, 200
-1, 843, 844, 200, 199
0, 845, 845, 200, 200
-4, 841, 845, 201, 198
-1, 844, 845, 200, 199
0, 842, 842, 200, 200
-1, 841, 842, 200, 199
3, 845, 842, 198, 201
0, 843, 843, 200, 200
0, 843, 843, 200, 200
0, 844, 844, 200, 200
0, 843, 843, 200, 200
-4, 842, 846, 201, 198
-2, 841, 843, 200, 199
0, 844, 844, 200, 200
1, 846, 845, 199, 200
4, 844, 840, 198, 201
0, 842, 842, 200, 200
-108, 737, 845, 243, 156
-109, 737, 846, 243, 156
-117, 727, 844, 246, 153
-112, 731, 843, 244, 155
-544, 299, 843, 417, -17
-523, 325, 848, 409, -9
-529, 319, 848, 411, -11
-532, 314, 846, 412, -12
-540, 307, 847, 416, -16
-541, 301, 842, 416, -16
1, 301, 300, 199, 200
-3, 298, 301, 201, 198
3, 300, 297, 198, 201
-2, 297, 299, 200, 199
-1, 299, 300, 200, 199
-1, 299, 300, 200, 199
-1, 298, 299, 200, 199
54, 360, 306, 178, 221
-484, 359, 843, 393, 6
-489, 356, 845, 395, 4
-525, 300, 825, 410, -10
-531, 297, 828, 412, -12
-534, 300, 834, 413, -13
-537, 302, 839, 414, -14
-543, 300, 843, 417, -17
-526, 321, 847, 410, -10
-531, 316, 847, 412, -12
-537, 311, 848, 414, -14
-540, 307, 847, 416, -16
-541, 307, 848, 416, -16
-545, 303, 848, 418, -18
-542, 304, 846, 416, -16
-545, 302, 847, 418, -18
-544, 301, 845, 417, -17
-547, 299, 846, 418, -18
-542, 300, 842, 416, -16
-547, 298, 845, 418, -18
-542, 302, 844, 416, -16
-544, 297, 841, 417, -17
-549, 299, 848, 419, -19
-546, 299, 845, 418, -18
-545, 298, 843, 418, -18
-548, 299, 847, 419, -19
-543, 299, 842, 417, -17
-542, 301, 843, 416, -16
-544, 299, 843, 417, -17
-547, 299, 846, 418, -18
-546, 301, 847, 418, -18
-544, 301, 845, 417, -17
-543, 298, 841, 417, -17
-544, 299, 843, 417, -17
1, 845, 844, 199, 200
-541, 300, 841, 416, -16
-3, 842, 845, 201, 198
-544, 301, 845, 417, -17
-5, 839, 844, 202, 198
-1, 844, 845, 200, 199
-1, 843, 844, 200, 199
4, 845, 841, 198, 201
-3, 842, 845, 201, 198
-545, 300, 845, 418, -18
2, 841, 839, 199, 200
-549, 296, 845, 419, -19
1, 844, 843, 199, 200
-543, 302, 845, 417, -17
-2, 844, 846, 200, 199
-547, 300, 847, 418, -18
-1, 841, 842, 200, 199
2, 845, 843, 199, 200
-543, 300, 843, 417, -17
4, 847, 843, 198, 201
-543, 301, 844, 417, -17
5, 845, 840, 198, 202
2, 843, 841, 199, 200
-541, 301, 842, 416, -16
-1, 842, 843, 200, 199
-4, 841, 845, 201, 198
0, 844, 844, 200, 200
-1, 843, 844, 200, 199
1, 843, 842, 199, 200
-1, 844, 845, 200, 199
-3, 842, 845, 201, 198
-3, 844, 847, 201, 198
-544, 300, 844, 417, -17
4, 846, 842, 198, 201
7, 849, 842, 197, 202
-549, 299, 848, 419, -19
3, 845, 842, 198, 201
1, 844, 843, 199, 200
-538, 300, 838, 415, -15
-1, 843, 844, 200, 199
-6, 840, 846, 202, 197
-3, 839, 842, 201, 198
-546, 297, 843, 418, -18
0, 845, 845, 200, 200
2, 845, 843, 199, 200
4, 843, 839, 198, 201
-545, 299, 844, 418, -18
0, 845, 845, 200, 200
-3, 843, 846, 201, 198
2, 845, 843, 199, 200
-3, 844, 847, 201, 198
-542, 301, 843, 416, -16
-5, 843, 848, 202, 198
1, 844, 843, 199, 200
-1, 844, 845, 200, 199
-3, 841, 844, 201, 198
-545, 299, 844, 418, -18
-2, 842, 844, 200, 199
1, 840, 839, 199, 200
-1, 844, 845, 200, 199
-1, 843, 844, 200, 199
-4, 841, 845, 201, 198
-2, 843, 845, 200, 199
-546, 298, 844, 418, -18
-2, 842, 844, 200, 199
-1, 840, 841, 200, 199
-2, 841, 843, 200, 199
0, 844, 844, 200, 200
-4, 839, 843, 201, 198
-2, 841, 843, 200, 199
-541, 300, 841, 416, -16
4, 843, 839, 198, 201
-6, 838, 844, 202, 197
-3, 842, 845, 201, 198
-2, 842, 844, 200, 199
3, 843, 840, 198, 201
1, 841, 840, 199, 200
-29, 814, 843, 211, 188
-36, 807, 843, 214, 185
-541, 299, 840, 416, -16
-545, 300, 845, 418, -18
1, 845, 844, 199, 200
1, 841, 840, 199, 200
-545, 300, 845, 418, -18
-544, 299, 843, 417, -17
-4, 837, 841, 201, 198
2, 840, 838, 199, 200
0, 843, 843, 200, 200
1, 843, 842, 199, 200
-2, 842, 844, 200, 199
0, 844, 844, 200, 200
5, 844, 839, 198, 202
2, 846, 844, 199, 200
2, 844, 842, 199, 200
1, 845, 844, 199, 200
-4, 842, 846, 201, 198
-1, 845, 846, 200, 199
2, 845, 843, 199, 200
-110, 736, 846, 244, 156
-107, 736, 843, 242, 157
-111, 732, 843, 244, 155
-105, 737, 842, 242, 158
-104, 736, 840, 241, 158
-102, 738, 840, 240, 159
-104, 736, 840, 241, 158
-97, 748, 845, 238, 161
-103, 744, 847, 241, 158
-107, 739, 846, 242, 157
-102, 740, 842, 240, 159
-104, 737, 841, 241, 158
-110, 735, 845, 244, 156
-109, 734, 843, 243, 156
-108, 730, 838, 243, 156
-107, 734, 841, 242, 157
-108, 730, 838, 243, 156
-110, 731, 841, 244, 156
-110, 731, 841, 244, 156
-102, 735, 837, 240, 159
-108, 733, 841, 243, 156
-107, 734, 841, 242, 157
-108, 736, 844, 243, 156
-99, 741, 840, 239, 160
-23, 823, 846, 209, 190
-22, 825, 847, 208, 191
0, 845, 845, 200, 200
0, 845, 845, 200, 200
0, 843, 843, 200, 200
0, 844, 844, 200, 200
-5, 841, 846, 202, 198
-1, 840, 841, 200, 199
-5, 838, 843, 202, 198
2, 845, 843, 199, 200
-2, 840, 842, 200, 199
3, 845, 842, 198, 201
2, 841, 839, 199, 200
-2, 841, 843, 200, 199
0, 843, 843, 200, 200
-3, 839, 842, 201, 198
105, 843, 738, 158, 242
110, 847, 737, 156, 244
541, 842, 301, -16, 416
543, 843, 300, -17, 417
256, 842, 586, 97, 302
259, 840, 581, 96, 303
4, 845, 841, 198, 201
-3, 842, 845, 201, 198
0, 844, 844, 200, 200
-4, 841, 845, 201, 198
5, 846, 841, 198, 202
0, 843, 843, 200, 200
1, 844, 843, 199, 200
0, 842, 842, 200, 200
-1, 840, 841, 200, 199
1, 843, 842, 199, 200
-1, 843, 844, 200, 199
0, 840, 840, 200, 200
-1, 838, 839, 200, 199
2, 842, 840, 199, 200
3, 844, 841, 198, 201
8, 847, 839, 196, 203
1, 843, 842, 199, 200
2, 841, 839, 199, 200
3, 843, 840, 198, 201
267, 843, 576, 93, 306
264, 837, 573, 94, 305
3, 843, 840, 198, 201
4, 841, 837, 198, 201
-5, 838, 843, 202, 198
0, 844, 844, 200, 200
-5, 840, 845, 202, 198
3, 845, 842, 198, 201
-2, 843, 845, 200, 199
5, 845, 840, 198, 202
-2, 844, 846, 200, 199
-2, 840, 842, 200, 199
-1, 844, 845, 200, 199
3, 844, 841, 198, 201
-5, 842, 847, 202, 198
1, 843, 842, 199, 200
-1, 843, 844, 200, 199
-2, 840, 842, 200, 199
-4, 839, 843, 201, 198
0, 845, 845, 200, 200
2, 841, 839, 199, 200
2, 843, 841, 199, 200
-7, 839, 846, 202, 197
-2, 839, 841, 200, 199
3, 842, 839, 198, 201
-1, 841, 842, 200, 199
-4, 839, 843, 201, 198
-6, 839, 845, 202, 197
-3, 841, 844, 201, 198
0, 840, 840, 200, 200
1, 843, 842, 199, 200
2, 843, 841, 199, 200
-1, 841, 842, 200, 199
0, 845, 845, 200, 200
0, 843, 843, 200, 200
-1, 841, 842, 200, 199
2, 844, 842, 199, 200
-2, 841, 843, 200, 199
2, 845, 843, 199, 200
-2, 843, 845, 200, 199
0, 843, 843, 200, 200
1, 844, 843, 199, 200
-2, 842, 844, 200, 199
1, 843, 842, 199, 200
3, 845, 842, 198, 201
3, 843, 840, 198, 201
-5, 839, 844, 202, 198
-6, 840, 846, 202, 197
-6, 837, 843, 202, 197
2, 840, 838, 199, 200
-6, 839, 845, 202, 197
-2, 840, 842, 200, 199
-3, 840, 843, 201, 198
-7, 839, 846, 202, 197
-3, 837, 840, 201, 198
-1, 840, 841, 200, 199
-5, 836, 841, 202, 198
-3, 842, 845, 201, 198
1, 842, 841, 199, 200
2, 841, 839, 199, 200
0, 844, 844, 200, 200
-3, 841, 844, 201, 198
0, 844, 844, 200, 200
-5, 841, 846, 202, 198
-4, 840, 844, 201, 198
3, 843, 840, 198, 201
4, 844, 840, 198, 201
-2, 840, 842, 200, 199
1, 843, 842, 199, 200
-4, 839, 843, 201, 198
2, 840, 838, 199, 200
-2, 839, 841, 200, 199
0, 841, 841, 200, 200
3, 844, 841, 198, 201
0, 844, 844, 200, 200
0, 841, 841, 200, 200
-3, 838, 841, 201, 198
-3, 839, 842, 201, 198
1, 841, 840, 199, 200
1, 841, 840, 199, 200
-1, 840, 841, 200, 199
1, 840, 839, 199, 200
-4, 840, 844, 201, 198
1, 841, 840, 199, 200
1, 843, 842, 199, 200
3, 842, 839, 198, 201
-7, 840, 847, 202, 197
-3, 841, 844, 201, 198
-3, 843, 846, 201, 198
2, 843, 841, 199, 200
-1, 845, 846, 200, 199
-4, 841, 845, 201, 198
-2, 843, 845, 200, 199
-3, 842, 845, 201, 198
2, 840, 838, 199, 200
-1, 843, 844, 200, 199
-2, 839, 841, 200, 199
0, 841, 841, 200, 200
2, 844, 842, 199, 200
1, 843, 842, 199, 200
1, 840, 839, 199, 200
1, 842, 841, 199, 200
0, 841, 841, 200, 200
1, 838, 837, 199, 200
2, 843, 841, 199, 200
-2, 839, 841, 200, 199
-4, 838, 842, 201, 198
2, 843, 841, 199, 200
-544, 300, 844, 417, -17
-543, 301, 844, 417, -17
-542, 301, 843, 416, -16
-548, 298, 846, 419, -19
-544, 300, 844, 417, -17
-547, 298, 845, 418, -18
-545, 300, 845, 418, -18
-542, 302, 844, 416, -16
-546, 298, 844, 418, -18
-540, 301, 841, 416, -16
-547, 299, 846, 418, -18
-543, 301, 844, 417, -17
-541, 302, 843, 416, -16
-546, 298, 844, 418, -18
-542, 301, 843, 416, -16
-542, 300, 842, 416, -16
-544, 300, 844, 417, -17
-541, 299, 840, 416, -16
-537, 299, 836, 414, -14
-548, 298, 846, 419, -19
-543, 297, 840, 417, -17
-539, 301, 840, 415, -15
0, 840, 840, 200, 200
-1, 852, 853, 200, 199
-533, 313, 846, 413, -13
-538, 298, 836, 415, -15
-533, 298, 831, 413, -13
-539, 298, 837, 415, -15
-537, 301, 838, 414, -14
-538, 301, 839, 415, -15
-541, 300, 841, 416, -16
0, 844, 844, 200, 200
-7, 840, 847, 202, 197
3, 848, 845, 198, 201
5, 846, 841, 198, 202
2, 847, 845, 199, 200
5, 846, 841, 198, 202
4, 847, 843, 198, 201
-546, 300, 846, 418, -18
3, 844, 841, 198, 201
-412, 429, 841, 364, 35
-413, 428, 841, 365, 34
-3, 844, 847, 201, 198
2, 845, 843, 199, 200
1, 841, 840, 199, 200
-2, 842, 844, 200, 199
4, 844, 840, 198, 201
-1, 842, 843, 200, 199
1, 843, 842, 199, 200
-1, 842, 843, 200, 199
3, 846, 843, 198, 201
-3, 843, 846, 201, 198
-1, 845, 846, 200, 199
4, 843, 839, 198, 201
0, 845, 845, 200, 200
-44, 800, 844, 217, 182
-43, 797, 840, 217, 182
-43, 799, 842, 217, 182
-542, 297, 839, 416, -16
-543, 297, 840, 417, -17
-12, 831, 843, 204, 195
-109, 733, 842, 243, 156
-105, 736, 841, 242, 158
-106, 735, 841, 242, 157
-108, 733, 841, 243, 156
-106, 735, 841, 242, 157
-105, 734, 839, 242, 158
0, 842, 842, 200, 200
3, 844, 841, 198, 201
-3, 844, 847, 201, 198
2, 845, 843, 199, 200
1, 845, 844, 199, 200
-2, 842, 844, 200, 199
1, 841, 840, 199, 200
-1, 845, 846, 200, 199
-2, 843, 845, 200, 199
-1, 843, 844, 200, 199
1, 839, 838, 199, 200
2, 844, 842, 199, 200
6, 845, 839, 197, 202
0, 839, 839, 200, 200
-3, 836, 839, 201, 198
0, 839, 839, 200, 200
-1, 840, 841, 200, 199
0, 839, 839, 200, 200
-2, 839, 841, 200, 199
-7, 836, 843, 202, 197
0, 840, 840, 200, 200
-1, 840, 841, 200, 199
3, 843, 840, 198, 201
-104, 737, 841, 241, 158
-111, 731, 842, 244, 155
1, 844, 843, 199, 200
3, 844, 841, 198, 201
-6, 844, 850, 202, 197
0, 843, 843, 200, 200
-5, 841, 846, 202, 198
-42, 801, 843, 216, 183
-44, 800, 844, 217, 182
-542, 300, 842, 416, -16
0, 844, 844, 200, 200
-2, 843, 845, 200, 199
1, 845, 844, 199, 200
0, 843, 843, 200, 200
-4, 840, 844, 201, 198
0, 841, 841, 200, 200
-147, 694, 841, 258, 141
-145, 697, 842, 258, 142
-542, 298, 840, 416, -16
-2, 838, 840, 200, 199
6, 843, 837, 197, 202
-544, 297, 841, 417, -17
-46, 795, 841, 218, 181
-44, 796, 840, 217, 182
-541, 299, 840, 416, -16
-544, 299, 843, 417, -17
3, 845, 842, 198, 201
4, 845, 841, 198, 201
-135, 706, 841, 254, 146
-141, 701, 842, 256, 143
-471, 300, 771, 388, 11
-470, 301, 771, 388, 12
-2, 842, 844, 200, 199
3, 845, 842, 198, 201
-103, 740, 843, 241, 158
-105, 738, 843, 242, 158
0, 846, 846, 200, 200
-1, 843, 844, 200, 199
-2, 842, 844, 200, 199
3, 847, 844, 198, 201
4, 845, 841, 198, 201
-138, 705, 843, 255, 144
4, 842, 838, 198, 201
1, 844, 843, 199, 200
0, 843, 843, 200, 200
1, 841, 840, 199, 200
-48, 796, 844, 219, 180
-43, 797, 840, 217, 182
5, 844, 839, 198, 202
-541, 301, 842, 416, -16
-542, 299, 841, 416, -16
-1, 839, 840, 200, 199
-2, 840, 842, 200, 199
-497, 344, 841, 398, 1
1, 841, 840, 199, 200
1, 840, 839, 199, 200
-544, 298, 842, 417, -17
-6, 840, 846, 202, 197
1, 843, 842, 199, 200
0, 845, 845, 200, 200
1, 845, 844, 199, 200
-4, 845, 849, 201, 198
-1, 844, 845, 200, 199
-4, 840, 844, 201, 198
-42, 799, 841, 216, 183
2, 844, 842, 199, 200
-6, 842, 848, 202, 197
-6, 833, 839, 202, 197
-6, 836, 842, 202, 197
8, 845, 837, 196, 203
2, 840, 838, 199, 200
1, 842, 841, 199, 200
-326, 511, 837, 330, 69
-4, 839, 843, 201, 198
7, 842, 835, 197, 202
2, 841, 839, 199, 200
0, 845, 845, 200, 200
4, 844, 840, 198, 201
-2, 839, 841, 200, 199
0, 842, 842, 200, 200
-5, 839, 844, 202, 198
-4, 838, 842, 201, 198
2, 844, 842, 199, 200
-7, 839, 846, 202, 197
4, 844, 840, 198, 201
-541, 300, 841, 416, -16
-546, 300, 846, 418, -18
-544, 300, 844, 417, -17
-3, 841, 844, 201, 198
-2, 844, 846, 200, 199
1, 843, 842, 199, 200
-542, 300, 842, 416, -16
-45, 797, 842, 218, 182
-45, 801, 846, 218, 182
-43, 802, 845, 217, 182
-106, 740, 846, 242, 157
-103, 739, 842, 241, 158
196, 739, 543, 121, 278
-247, 300, 547, 298, 101
-543, 300, 843, 417, -17
-39, 801, 840, 215, 184
-42, 799, 841, 216, 183
-43, 799, 842, 217, 182
-546, 300, 846, 418, -18
-540, 301, 841, 416, -16
0, 846, 846, 200, 200
-543, 298, 841, 417, -17
-543, 299, 842, 417, -17
137, 842, 705, 145, 254
-404, 297, 701, 361, 38
-543, 300, 843, 417, -17
-544, 299, 843, 417, -17
0, 842, 842, 200, 200
-542, 302, 844, 416, -16
-539, 302, 841, 415, -15
-1, 845, 846, 200, 199
-546, 299, 845, 418, -18
-2, 841, 843, 200, 199
-540, 301, 841, 416, -16
0, 843, 843, 200, 200
-4, 843, 847, 201, 198
-544, 301, 845, 417, -17
-1, 843, 844, 200, 199
-544, 298, 842, 417, -17
3, 846, 843, 198, 201
-542, 300, 842, 416, -16
0, 842, 842, 200, 200
1, 844, 843, 199, 200
-550, 297, 847, 420, -20
-8, 841, 849, 203, 196
-3, 842, 845, 201, 198
-543, 299, 842, 417, -17
0, 845, 845, 200, 200
-3, 842, 845, 201, 198
-542, 302, 844, 416, -16
2, 843, 841, 199, 200
0, 844, 844, 200, 200
-542, 300, 842, 416, -16
-2, 843, 845, 200, 199
3, 842, 839, 198, 201
-545, 301, 846, 418, -18
2, 845, 843, 199, 200
2, 844, 842, 199, 200
5, 849, 844, 198, 202
-544, 303, 847, 417, -17
-2, 844, 846, 200, 199
-3, 841, 844, 201, 198
0, 845, 845, 200, 200
-380, 465, 845, 352, 48
1, 844, 843, 199, 200
2, 847, 845, 199, 200
-5, 842, 847, 202, 198
1, 845, 844, 199, 200
-1, 843, 844, 200, 199
-3, 845, 848, 201, 198
6, 846, 840, 197, 202
1, 845, 844, 199, 200
1, 846, 845, 199, 200
0, 842, 842, 200, 200
2, 845, 843, 199, 200
-110, 733, 843, 244, 156
-107, 737, 844, 242, 157
-105, 737, 842, 242, 158
-103, 736, 839, 241, 158
-104, 734, 838, 241, 158
-110, 733, 843, 244, 156
-102, 738, 840, 240, 159
-110, 732, 842, 244, 156
-109, 731, 840, 243, 156
-105, 736, 841, 242, 158
-105, 734, 839, 242, 158
-47, 736, 783, 218, 181
-47, 736, 783, 218, 181
155, 734, 579, 138, 262
155, 737, 582, 138, 262
156, 739, 583, 137, 262
-103, 740, 843, 241, 158
-111, 736, 847, 244, 155
-108, 737, 845, 243, 156
-105, 737, 842, 242, 158
-103, 738, 841, 241, 158
-106, 737, 843, 242, 157
-107, 737, 844, 242, 157
-106, 736, 842, 242, 157
-106, 739, 845, 242, 157
-102, 740, 842, 240, 159
-106, 736, 842, 242, 157
-106, 734, 840, 242, 157
-101, 737, 838, 240, 159
-105, 737, 842, 242, 158
-106, 736, 842, 242, 157
-108, 734, 842, 243, 156
-106, 735, 841, 242, 157
-105, 736, 841, 242, 158
-104, 737, 841, 241, 158
-112, 734, 846, 244, 155
-110, 731, 841, 244, 156
-109, 734, 843, 243, 156
-107, 737, 844, 242, 157
-105, 737, 842, 242, 158
-2, 843, 845, 200, 199
-104, 740, 844, 241, 158
-3, 840, 843, 201, 198
1, 844, 843, 199, 200
1, 847, 846, 199, 200
-102, 739, 841, 240, 159
3, 843, 840, 198, 201
0, 844, 844, 200, 200
-43, 802, 845, 217, 182
6, 846, 840, 197, 202
-1, 842, 843, 200, 199
-1, 841, 842, 200, 199
0, 842, 842, 200, 200
2, 842, 840, 199, 200
-4, 839, 843, 201, 198
2, 842, 840, 199, 200
-5, 837, 842, 202, 198
5, 844, 839, 198, 202
-5, 838, 843, 202, 198
0, 841, 841, 200, 200
-2, 841, 843, 200, 199
3, 839, 836, 198, 201
-2, 840, 842, 200, 199
-1, 839, 840, 200, 199
-1, 840, 841, 200, 199
-1, 842, 843, 200, 199
-3, 839, 842, 201, 198
3, 842, 839, 198, 201
299, 842, 543, 80, 319
1, 845, 844, 199, 200
2, 843, 841, 199, 200
-7, 843, 850, 202, 197
1, 844, 843, 199, 200
302, 845, 543, 79, 320
302, 843, 541, 79, 320
303, 843, 540, 78, 321
1, 842, 841, 199, 200
-2, 840, 842, 200, 199
300, 841, 541, 80, 320
301, 841, 540, 79, 320
4, 844, 840, 198, 201
-3, 841, 844, 201, 198
-541, 301, 842, 416, -16
0, 844, 844, 200, 200
2, 847, 845, 199, 200
1, 842, 841, 199, 200
0, 841, 841, 200, 200
0, 842, 842, 200, 200
-4, 841, 845, 201, 198
-3, 840, 843, 201, 198
0, 842, 842, 200, 200
-543, 300, 843, 417, -17
-3, 840, 843, 201, 198
3, 848, 845, 198, 201
2, 846, 844, 199, 200
1, 844, 843, 199, 200
2, 843, 841, 199, 200
-4, 840, 844, 201, 198
3, 845, 842, 198, 201
-4, 840, 844, 201, 198
-1, 841, 842, 200, 199
3, 843, 840, 198, 201
-43, 802, 845, 217, 182
-44, 799, 843, 217, 182
-5, 838, 843, 202, 198
1, 841, 840, 199, 200
-7, 838, 845, 202, 197
-2, 842, 844, 200, 199
2, 841, 839, 199, 200
4, 843, 839, 198, 201
0, 842, 842, 200, 200
2, 839, 837, 199, 200
1, 843, 842, 199, 200
3, 843, 840, 198, 201
3, 844, 841, 198, 201
2, 844, 842, 199, 200
0, 842, 842, 200, 200
1, 845, 844, 199, 200
6, 844, 838, 197, 202
0, 843, 843, 200, 200
3, 846, 843, 198, 201
1, 842, 841, 199, 200
-1, 843, 844, 200, 199
2, 843, 841, 199, 200
2, 845, 843, 199, 200
4, 846, 842, 198, 201
-539, 300, 839, 415, -15
5, 846, 841, 198, 202
6, 841, 835, 197, 202
-1, 841, 842, 200, 199
-2, 840, 842, 200, 199
-1, 838, 839, 200, 199
-1, 841, 842, 200, 199
2, 842, 840, 199, 200
0, 840, 840, 200, 200
3, 839, 836, 198, 201
2, 840, 838, 199, 200
3, 842, 839, 198, 201
3, 844, 841, 198, 201
0, 841, 841, 200, 200
0, 843, 843, 200, 200
-546, 299, 845, 418, -18
3, 846, 843, 198, 201
-3, 844, 847, 201, 198
-4, 842, 846, 201, 198
0, 847, 847, 200, 200
1, 844, 843, 199, 200
-2, 840, 842, 200, 199
0, 842, 842, 200, 200
-1, 841, 842, 200, 199
0, 842, 842, 200, 200
-5, 841, 846, 202, 198
6, 846, 840, 197, 202
-1, 842, 843, 200, 199
1, 842, 841, 199, 200
3, 842, 839, 198, 201
1, 843, 842, 199, 200
5, 844, 839, 198, 202
0, 841, 841, 200, 200
-3, 840, 843, 201, 198
-1, 840, 841, 200, 199
2, 842, 840, 199, 200
-5, 840, 845, 202, 198
-2, 843, 845, 200, 199
2, 844, 842, 199, 200
5, 845, 840, 198, 202
-215, 627, 842, 286, 114
-216, 627, 843, 286, 113
-210, 628, 838, 284, 116
-543, 300, 843, 417, -17
-213, 629, 842, 285, 114
-543, 300, 843, 417, -17
-544, 299, 843, 417, -17
-198, 644, 842, 279, 120
-195, 645, 840, 278, 122
-546, 299, 845, 418, -18
-325, 516, 841, 330, 70
-322, 519, 841, 328, 71
-210, 635, 845, 284, 116
-210, 633, 843, 284, 116
-215, 631, 846, 286, 114
-326, 519, 845, 330, 69
-328, 516, 844, 331, 68
-323, 520, 843, 329, 70
-64, 776, 840, 225, 174
-545, 302, 847, 418, -18
-544, 300, 844, 417, -17
-545, 298, 843, 418, -18
-542, 300, 842, 416, -16
-538, 302, 840, 415, -15
-540, 300, 840, 416, -16
-544, 298, 842, 417, -17
-194, 649, 843, 277, 122
-197, 646, 843, 278, 121
-543, 300, 843, 417, -17
-538, 301, 839, 415, -15
-14, 832, 846, 205, 194
-14, 833, 847, 205, 194
4, 844, 840, 198, 201
-542, 300, 842, 416, -16
-546, 301, 847, 418, -18
-197, 647, 844, 278, 121
-196, 647, 843, 278, 121
0, 843, 843, 200, 200
-3, 842, 845, 201, 198
-543, 300, 843, 417, -17
-544, 300, 844, 417, -17
5, 844, 839, 198, 202
-322, 521, 843, 328, 71
-327, 518, 845, 330, 69
2, 849, 847, 199, 200
-5, 841, 846, 202, 198
-546, 300, 846, 418, -18
3, 846, 843, 198, 201
1, 845, 844, 199, 200
0, 843, 843, 200, 200
-2, 844, 846, 200, 199
-547, 299, 846, 418, -18
-544, 299, 843, 417, -17
0, 846, 846, 200, 200
-198, 643, 841, 279, 120
-200, 644, 844, 280, 120
-2, 842, 844, 200, 199
5, 845, 840, 198, 202
-4, 843, 847, 201, 198
-541, 301, 842, 416, -16
1, 846, 845, 199, 200
-543, 300, 843, 417, -17
-10, 833, 843, 204, 196
-10, 832, 842, 204, 196
2, 845, 843, 199, 200
-4, 842, 846, 201, 198
-544, 298, 842, 417, -17
-2, 842, 844, 200, 199
-20, 825, 845, 208, 192
-4, 841, 845, 201, 198
-2, 844, 846, 200, 199
2, 843, 841, 199, 200
-3, 844, 847, 201, 198
-3, 842, 845, 201, 198
2, 843, 841, 199, 200
0, 843, 843, 200, 200
-545, 298, 843, 418, -18
2, 846, 844, 199, 200
-196, 648, 844, 278, 121
1, 845, 844, 199, 200
-2, 843, 845, 200, 199
-4, 841, 845, 201, 198
6, 844, 838, 197, 202
-541, 300, 841, 416, -16
-3, 840, 843, 201, 198
1, 842, 841, 199, 200
1, 845, 844, 199, 200
0, 843, 843, 200, 200
33, 841, 808, 186, 213
34, 842, 808, 186, 213
-506, 299, 805, 402, -2
-3, 840, 843, 201, 198
-545, 297, 842, 418, -18
4, 844, 840, 198, 201
-3, 843, 846, 201, 198
-548, 299, 847, 419, -19
0, 842, 842, 200, 200
-541, 299, 840, 416, -16
2, 846, 844, 199, 200
6, 847, 841, 197, 202
0, 843, 843, 200, 200
8, 848, 840, 196, 203
-6, 843, 849, 202, 197
-1, 843, 844, 200, 199
-3, 843, 846, 201, 198
-7, 840, 847, 202, 197
0, 846, 846, 200, 200
0, 844, 844, 200, 200
1, 844, 843, 199, 200
-1, 843, 844, 200, 199
-1, 841, 842, 200, 199
-3, 840, 843, 201, 198
-1, 842, 843, 200, 199
5, 846, 841, 198, 202
0, 841, 841, 200, 200
-3, 838, 841, 201, 198
6, 845, 839, 197, 202
-544, 299, 843, 417, -17
-2, 842, 844, 200, 199
3, 844, 841, 198, 201
-542, 299, 841, 416, -16
0, 843, 843, 200, 200
-1, 770, 771, 200, 199
-468, 300, 768, 387, 12
-4, 879, 883, 201, 198
0, 824, 824, 200, 200
-532, 299, 831, 412, -12
4, 831, 827, 198, 201
-516, 299, 815, 406, -6
-525, 300, 825, 410, -10
2, 820, 818, 199, 200
-1, 834, 835, 200, 199
-1, 822, 823, 200, 199
-2, 824, 826, 200, 199
-2, 815, 817, 200, 199
1, 831, 830, 199, 200
-519, 301, 820, 407, -7
5, 830, 825, 198, 202
-518, 301, 819, 407, -7
-524, 299, 823, 409, -9
3, 819, 816, 198, 201
1, 835, 834, 199, 200
2, 827, 825, 199, 200
-4, 823, 827, 201, 198
-524, 299, 823, 409, -9
-528, 299, 827, 411, -11
3, 823, 820, 198, 201
2, 840, 838, 199, 200
1, 828, 827, 199, 200
-1, 823, 824, 200, 199
-1, 839, 840, 200, 199
-526, 299, 825, 410, -10
-530, 299, 829, 412, -12
3, 824, 821, 198, 201
1, 841, 840, 199, 200
1, 835, 834, 199, 200
5, 833, 828, 198, 202
-2, 830, 832, 200, 199
-526, 301, 827, 410, -10
2, 827, 825, 199, 200
0, 828, 828, 200, 200
0, 825, 825, 200, 200
-2, 827, 829, 200, 199
-521, 299, 820, 408, -8
-525, 300, 825, 410, -10
6, 829, 823, 197, 202
-1, 826, 827, 200, 199
-3, 824, 827, 201, 198
-523, 300, 823, 409, -9
-524, 300, 824, 409, -9
-2, 824, 826, 200, 199
2, 827, 825, 199, 200
-1, 828, 829, 200, 199
-1, 825, 826, 200, 199
-526, 299, 825, 410, -10
-528, 297, 825, 411, -11
-1, 824, 825, 200, 199
2, 827, 825, 199, 200
2, 828, 826, 199, 200
2, 829, 827, 199, 200
-526, 299, 825, 410, -10
-531, 298, 829, 412, -12
-3, 825, 828, 201, 198
2, 826, 824, 199, 200
-1, 827, 828, 200, 199
-1, 828, 829, 200, 199
-524, 301, 825, 409, -9
-527, 301, 828, 410, -10
1, 823, 822, 199, 200
3, 829, 826, 198, 201
2, 830, 828, 199, 200
5, 830, 825, 198, 202
1, 825, 824, 199, 200
-528, 299, 827, 411, -11
-527, 301, 828, 410, -10
1, 829, 828, 199, 200
3, 829, 826, 198, 201
3, 301, 298, 198, 201
-305, 641, 946, 322, 78
-385, 501, 886, 354, 46
-406, 473, 879, 362, 37
-1, 866, 867, 200, 199
1, 851, 850, 199, 200
2, 849, 847, 199, 200
2, 848, 846, 199, 200
0, 846, 846, 200, 200
2, 846, 844, 199, 200
-2, 842, 844, 200, 199
-2, 840, 842, 200, 199
-1, 842, 843, 200, 199
-543, 299, 842, 417, -17
1, 843, 842, 199, 200
-1, 839, 840, 200, 199
-5, 837, 842, 202, 198
0, 842, 842, 200, 200
-3, 838, 841, 201, 198
-2, 841, 843, 200, 199
-2, 840, 842, 200, 199
3, 846, 843, 198, 201
-1, 838, 839, 200, 199
2, 847, 845, 199, 200
2, 844, 842, 199, 200
-1, 845, 846, 200, 199
4, 847, 843, 198, 201
2, 846, 844, 199, 200
-1, 846, 847, 200, 199
-2, 842, 844, 200, 199
2, 846, 844, 199, 200
3, 845, 842, 198, 201
-1, 842, 843, 200, 199
-540, 299, 839, 416, -16
-2, 841, 843, 200, 199
1, 839, 838, 199, 200
-1, 841, 842, 200, 199
-2, 839, 841, 200, 199
1, 842, 841, 199, 200
5, 845, 840, 198, 202
6, 842, 836, 197, 202
-5, 836, 841, 202, 198
4, 843, 839, 198, 201
1, 842, 841, 199, 200
-4, 839, 843, 201, 198
3, 843, 840, 198, 201
-5, 840, 845, 202, 198
-3, 842, 845, 201, 198
-3, 844, 847, 201, 198
0, 841, 841, 200, 200
0, 845, 845, 200, 200
0, 844, 844, 200, 200
3, 843, 840, 198, 201
-1, 843, 844, 200, 199
-2, 843, 845, 200, 199
0, 842, 842, 200, 200
3, 842, 839, 198, 201
1, 840, 839, 199, 200
0, 839, 839, 200, 200
2, 843, 841, 199, 200
0, 838, 838, 200, 200
-1, 837, 838, 200, 199
3, 841, 838, 198, 201
1, 839, 838, 199, 200
1, 837, 836, 199, 200
-3, 839, 842, 201, 198
1, 840, 839, 199, 200
0, 841, 841, 200, 200
2, 841, 839, 199, 200
-2, 840, 842, 200, 199
-1, 842, 843, 200, 199
0, 842, 842, 200, 200
1, 844, 843, 199, 200
2, 845, 843, 199, 200
-546, 299, 845, 418, -18
4, 846, 842, 198, 201
-1, 844, 845, 200, 199
4, 847, 843, 198, 201
-2, 842, 844, 200, 199
-1, 842, 843, 200, 199
1, 844, 843, 199, 200
6, 844, 838, 197, 202
-3, 840, 843, 201, 198
5, 846, 841, 198, 202
-1, 840, 841, 200, 199
-3, 840, 843, 201, 198
0, 839, 839, 200, 200
5, 843, 838, 198, 202
-4, 835, 839, 201, 198
2, 841, 839, 199, 200
1, 843, 842, 199, 200
4, 842, 838, 198, 201
-3, 837, 840, 201, 198
4, 842, 838, 198, 201
5, 843, 838, 198, 202
-4, 839, 843, 201, 198
2, 843, 841, 199, 200
-2, 843, 845, 200, 199
1, 843, 842, 199, 200
-4, 844, 848, 201, 198
-3, 840, 843, 201, 198
1, 843, 842, 199, 200
-1, 842, 843, 200, 199
0, 843, 843, 200, 200
2, 844, 842, 199, 200
-1, 844, 845, 200, 199
5, 845, 840, 198, 202
-2, 842, 844, 200, 199
-1, 838, 839, 200, 199
0, 842, 842, 200, 200
0, 841, 841, 200, 200
1, 841, 840, 199, 200
1, 843, 842, 199, 200
-3, 838, 841, 201, 198
-1, 840, 841, 200, 199
4, 842, 838, 198, 201
-2, 839, 841, 200, 199
0, 838, 838, 200, 200
3, 843, 840, 198, 201
5, 847, 842, 198, 202
6, 846, 840, 197, 202
-3, 839, 842, 201, 198
2, 842, 840, 199, 200
-1, 842, 843, 200, 199
-1, 843, 844, 200, 199
1, 844, 843, 199, 200
1, 847, 846, 199, 200
-5, 840, 845, 202, 198
-1, 843, 844, 200, 199
-3, 843, 846, 201, 198
-7, 840, 847, 202, 197
-1, 843, 844, 200, 199
1, 844, 843, 199, 200
4, 843, 839, 198, 201
-1, 842, 843, 200, 199
-1, 838, 839, 200, 199
1, 840, 839, 199, 200
1, 841, 840, 199, 200
2, 844, 842, 199, 200
-2, 839, 841, 200, 199
-6, 840, 846, 202, 197
-3, 836, 839, 201, 198
-3, 839, 842, 201, 198
-2, 843, 845, 200, 199
4, 845, 841, 198, 201
-3, 842, 845, 201, 198
4, 843, 839, 198, 201
-1, 842, 843, 200, 199
2, 845, 843, 199, 200
-5, 840, 845, 202, 198
-3, 842, 845, 201, 198
1, 844, 843, 199, 200
-2, 845, 847, 200, 199
2, 841, 839, 199, 200
0, 843, 843, 200, 200
0, 843, 843, 200, 200
1, 844, 843, 199, 200
-4, 839, 843, 201, 198
-2, 840, 842, 200, 199
-2, 842, 844, 200, 199
-3, 842, 845, 201, 198
1, 842, 841, 199, 200
-1, 842, 843, 200, 199
-1, 837, 838, 200, 199
2, 843, 841, 199, 200
-3, 839, 842, 201, 198
-4, 837, 841, 201, 198
-2, 839, 841, 200, 199
7, 844, 837, 197, 202
1, 841, 840, 199, 200
-4, 840, 844, 201, 198
3, 843, 840, 198, 201
-1, 842, 843, 200, 199
-2, 842, 844, 200, 199
-3, 840, 843, 201, 198
0, 841, 841, 200, 200
5, 844, 839, 198, 202
-1, 841, 842, 200, 199
0, 843, 843, 200, 200
542, 843, 301, -16, 416
544, 844, 300, -17, 417
59, 843, 784, 176, 223
546, 846, 300, -18, 418
548, 846, 298, -19, 419
2, 842, 840, 199, 200
545, 843, 298, -18, 418
11, 841, 830, 195, 204
13, 845, 832, 194, 205
107, 844, 737, 157, 242
103, 843, 740, 158, 241
110, 844, 734, 156, 244
107, 846, 739, 157, 242
103, 843, 740, 158, 241
-4, 841, 845, 201, 198
-5, 842, 847, 202, 198
490, 844, 354, 4, 396
491, 844, 353, 3, 396
1, 845, 844, 199, 200
1, 844, 843, 199, 200
0, 842, 842, 200, 200
546, 847, 301, -18, 418
0, 842, 842, 200, 200
1, 844, 843, 199, 200
104, 841, 737, 158, 241
102, 840, 738, 159, 240
105, 842, 737, 158, 242
545, 844, 299, -18, 418
542, 843, 301, -16, 416
-4, 840, 844, 201, 198
-4, 843, 847, 201, 198
1, 845, 844, 199, 200
0, 844, 844, 200, 200
540, 843, 303, -16, 416
62, 848, 786, 175, 224
52, 839, 787, 179, 220
59, 844, 785, 176, 223
-2, 841, 843, 200, 199
2, 845, 843, 199, 200
542, 841, 299, -16, 416
547, 846, 299, -18, 418
540, 839, 299, -16, 416
105, 843, 738, 158, 242
105, 843, 738, 158, 242
109, 843, 734, 156, 243
544, 844, 300, -17, 417
544, 843, 299, -17, 417
543, 842, 299, -17, 417
544, 842, 298, -17, 417
537, 840, 303, -14, 414
545, 845, 300, -18, 418
109, 845, 736, 156, 243
543, 844, 301, -17, 417
541, 844, 303, -16, 416
109, 844, 735, 156, 243
536, 838, 302, -14, 414
545, 844, 299, -18, 418
104, 841, 737, 158, 241
540, 842, 302, -16, 416
107, 844, 737, 157, 242
541, 841, 300, -16, 416
106, 846, 740, 157, 242
543, 841, 298, -17, 417
106, 843, 737, 157, 242
105, 844, 739, 158, 242
547, 845, 298, -18, 418
108, 848, 740, 156, 243
546, 844, 298, -18, 418
104, 841, 737, 158, 241
103, 842, 739, 158, 241
544, 842, 298, -17, 417
101, 843, 742, 159, 240
102, 843, 741, 159, 240
111, 844, 733, 155, 244
547, 845, 298, -18, 418
104, 845, 741, 158, 241
107, 844, 737, 157, 242
107, 844, 737, 157, 242
541, 841, 300, -16, 416
107, 842, 735, 157, 242
105, 844, 739, 158, 242
11, 844, 833, 195, 204
540, 842, 302, -16, 416
-2, 841, 843, 200, 199
0, 843, 843, 200, 200
0, 840, 840, 200, 200
3, 847, 844, 198, 201
0, 843, 843, 200, 200
-2, 841, 843, 200, 199
0, 844, 844, 200, 200
4, 847, 843, 198, 201
2, 845, 843, 199, 200
2, 845, 843, 199, 200
2, 846, 844, 199, 200
3, 845, 842, 198, 201
4, 842, 838, 198, 201
1, 843, 842, 199, 200
1, 843, 842, 199, 200
6, 849, 843, 197, 202
-3, 837, 840, 201, 198
-1, 840, 841, 200, 199
-3, 838, 841, 201, 198
-2, 839, 841, 200, 199
1, 841, 840, 199, 200
0, 838, 838, 200, 200
1, 841, 840, 199, 200
8, 843, 835, 196, 203
-8, 836, 844, 203, 196
-7, 838, 845, 202, 197
24, 843, 819, 190, 209
20, 840, 820, 192, 208
-5, 842, 847, 202, 198
1, 845, 844, 199, 200
4, 846, 842, 198, 201
-4, 841, 845, 201, 198
543, 842, 299, -17, 417
0, 844, 844, 200, 200
0, 841, 841, 200, 200
1, 843, 842, 199, 200
-2, 843, 845, 200, 199
1, 844, 843, 199, 200
4, 843, 839, 198, 201
2, 843, 841, 199, 200
-2, 840, 842, 200, 199
-1, 840, 841, 200, 199
542, 842, 300, -16, 416
-1, 844, 845, 200, 199
4, 842, 838, 198, 201
-5, 842, 847, 202, 198
540, 840, 300, -16, 416
2, 842, 840, 199, 200
1, 839, 838, 199, 200
0, 842, 842, 200, 200
542, 843, 301, -16, 416
0, 841, 841, 200, 200
0, 841, 841, 200, 200
0, 841, 841, 200, 200
540, 840, 300, -16, 416
-1, 844, 845, 200, 199
-2, 842, 844, 200, 199
-2, 841, 843, 200, 199
3, 845, 842, 198, 201
1, 846, 845, 199, 200
58, 846, 788, 176, 223
0, 846, 846, 200, 200
-1, 845, 846, 200, 199
1, 844, 843, 199, 200
0, 844, 844, 200, 200
0, 842, 842, 200, 200
0, 839, 839, 200, 200
-3, 842, 845, 201, 198
-5, 842, 847, 202, 198
0, 839, 839, 200, 200
543, 841, 298, -17, 417
-3, 839, 842, 201, 198
0, 841, 841, 200, 200
-1, 839, 840, 200, 199
-4, 838, 842, 201, 198
1, 842, 841, 199, 200
108, 843, 735, 156, 243
107, 843, 736, 157, 242
105, 842, 737, 158, 242
-1, 844, 845, 200, 199
105, 842, 737, 158, 242
107, 843, 736, 157, 242
109, 848, 739, 156, 243
5, 847, 842, 198, 202
103, 841, 738, 158, 241
107, 845, 738, 157, 242
1, 845, 844, 199, 200
103, 844, 741, 158, 241
98, 843, 745, 160, 239
0, 842, 842, 200, 200
109, 842, 733, 156, 243
-4, 839, 843, 201, 198
105, 839, 734, 158, 242
2, 844, 842, 199, 200
102, 840, 738, 159, 240
104, 840, 736, 158, 241
2, 841, 839, 199, 200
106, 835, 729, 157, 242
-1, 839, 840, 200, 199
0, 840, 840, 200, 200
106, 840, 734, 157, 242
1, 843, 842, 199, 200
109, 840, 731, 156, 243
-1, 839, 840, 200, 199
-1, 841, 842, 200, 199
0, 843, 843, 200, 200
-2, 841, 843, 200, 199
0, 843, 843, 200, 200
-2, 841, 843, 200, 199
0, 844, 844, 200, 200
2, 844, 842, 199, 200
-1, 842, 843, 200, 199
-4, 841, 845, 201, 198
-1, 841, 842, 200, 199
0, 842, 842, 200, 200
1, 843, 842, 199, 200
-3, 844, 847, 201, 198
0, 842, 842, 200, 200
0, 842, 842, 200, 200
0, 838, 838, 200, 200
-5, 838, 843, 202, 198
0, 839, 839, 200, 200
0, 842, 842, 200, 200
1, 839, 838, 199, 200
3, 843, 840, 198, 201
2, 846, 844, 199, 200
-2, 839, 841, 200, 199
-2, 839, 841, 200, 199
1, 840, 839, 199, 200
1, 841, 840, 199, 200
0, 841, 841, 200, 200
-5, 839, 844, 202, 198
3, 845, 842, 198, 201
-4, 840, 844, 201, 198
-3, 842, 845, 201, 198
0, 845, 845, 200, 200
0, 844, 844, 200, 200
-7, 838, 845, 202, 197
0, 842, 842, 200, 200
-3, 841, 844, 201, 198
-1, 841, 842, 200, 199
-2, 842, 844, 200, 199
2, 841, 839, 199, 200
4, 844, 840, 198, 201
-2, 839, 841, 200, 199
2, 840, 838, 199, 200
-539, 300, 839, 415, -15
-542, 301, 843, 416, -16
3, 841, 838, 198, 201
-221, 621, 842, 288, 111
-216, 626, 842, 286, 113
-216, 627, 843, 286, 113
-542, 299, 841, 416, -16
-548, 297, 845, 419, -19
3, 843, 840, 198, 201
-327, 518, 845, 330, 69
-325, 522, 847, 330, 70
0, 845, 845, 200, 200
-544, 303, 847, 417, -17
-541, 303, 844, 416, -16
-323, 520, 843, 329, 70
-327, 517, 844, 330, 69
-14, 827, 841, 205, 194
-540, 300, 840, 416, -16
-111, 739, 850, 244, 155
-99, 741, 840, 239, 160
-105, 738, 843, 242, 158
-543, 300, 843, 417, -17
-546, 301, 847, 418, -18
-544, 301, 845, 417, -17
-545, 299, 844, 418, -18
-544, 300, 844, 417, -17
-542, 299, 841, 416, -16
0, 842, 842, 200, 200
-3, 844, 847, 201, 198
-3, 840, 843, 201, 198
-540, 302, 842, 416, -16
-545, 299, 844, 418, -18
1, 845, 844, 199, 200
-547, 300, 847, 418, -18
-544, 299, 843, 417, -17
-545, 298, 843, 418, -18
-3, 840, 843, 201, 198
-543, 300, 843, 417, -17
-541, 300, 841, 416, -16
3, 842, 839, 198, 201
-58, 787, 845, 223, 176
-48, 794, 842, 219, 180
-59, 788, 847, 223, 176
-3, 840, 843, 201, 198
-543, 300, 843, 417, -17
-548, 298, 846, 419, -19
4, 844, 840, 198, 201
-544, 300, 844, 417, -17
-1, 844, 845, 200, 199
-541, 301, 842, 416, -16
1, 844, 843, 199, 200
-541, 298, 839, 416, -16
0, 845, 845, 200, 200
-542, 300, 842, 416, -16
0, 845, 845, 200, 200
-541, 300, 841, 416, -16
9, 848, 839, 196, 203
0, 845, 845, 200, 200
-106, 738, 844, 242, 157
-108, 735, 843, 243, 156
-106, 738, 844, 242, 157
-104, 737, 841, 241, 158
-99, 741, 840, 239, 160
-105, 738, 843, 242, 158
-106, 735, 841, 242, 157
-101, 744, 845, 240, 159
-545, 298, 843, 418, -18
-108, 737, 845, 243, 156
-105, 739, 844, 242, 158
-108, 736, 844, 243, 156
-106, 735, 841, 242, 157
-110, 734, 844, 244, 156
-544, 299, 843, 417, -17
-101, 741, 842, 240, 159
-102, 738, 840, 240, 159
-103, 737, 840, 241, 158
-107, 740, 847, 242, 157
-102, 738, 840, 240, 159
-101, 739, 840, 240, 159
-544, 299, 843, 417, -17
-103, 738, 841, 241, 158
-102, 741, 843, 240, 159
-108, 740, 848, 243, 156
-106, 736, 842, 242, 157
-108, 736, 844, 243, 156
-102, 740, 842, 240, 159
-69, 775, 844, 227, 172
-62, 779, 841, 224, 175
4, 846, 842, 198, 201
1, 844, 843, 199, 200
-545, 299, 844, 418, -18
6, 845, 839, 197, 202
-1, 841, 842, 200, 199
3, 844, 841, 198, 201
2, 842, 840, 199, 200
-104, 735, 839, 241, 158
-103, 746, 849, 241, 158
-532, 316, 848, 412, -12
-538, 312, 850, 415, -15
-540, 306, 846, 416, -16
2, 845, 843, 199, 200
-1, 843, 844, 200, 199
3, 841, 838, 198, 201
-1, 841, 842, 200, 199
-2, 841, 843, 200, 199
0, 844, 844, 200, 200
-2, 844, 846, 200, 199
6, 845, 839, 197, 202
2, 845, 843, 199, 200
0, 844, 844, 200, 200
3, 846, 843, 198, 201
2, 848, 846, 199, 200
1, 845, 844, 199, 200
1, 844, 843, 199, 200
2, 845, 843, 199, 200
1, 844, 843, 199, 200
1, 846, 845, 199, 200
-1, 843, 844, 200, 199
129, 843, 714, 148, 251
2, 843, 841, 199, 200
4, 848, 844, 198, 201
3, 849, 846, 198, 201
4, 847, 843, 198, 201
3, 848, 845, 198, 201
5, 845, 840, 198, 202
-6, 841, 847, 202, 197
2, 846, 844, 199, 200
-1, 842, 843, 200, 199
1, 846, 845, 199, 200
1, 846, 845, 199, 200
1, 843, 842, 199, 200
-1, 845, 846, 200, 199
6, 845, 839, 197, 202
-1, 843, 844, 200, 199
2, 845, 843, 199, 200
-4, 842, 846, 201, 198
5, 845, 840, 198, 202
1, 845, 844, 199, 200
3, 843, 840, 198, 201
1, 841, 840, 199, 200
-5, 839, 844, 202, 198
-2, 841, 843, 200, 199
-3, 842, 845, 201, 198
35, 844, 809, 186, 214
37, 846, 809, 185, 214
-291, 518, 809, 316, 83
2, 518, 516, 199, 200
-1, 515, 516, 200, 199
3, 517, 514, 198, 201
-2, 517, 519, 200, 199
2, 517, 515, 199, 200
0, 515, 515, 200, 200
-1, 514, 515, 200, 199
2, 513, 511, 199, 200
3, 511, 508, 198, 201
-225, 511, 736, 290, 110
-232, 506, 738, 292, 107
5, 511, 506, 198, 202
-1, 508, 509, 200, 199
3, 512, 509, 198, 201
-2, 508, 510, 200, 199
1, 507, 506, 199, 200
-2, 506, 508, 200, 199
0, 508, 508, 200, 200
1, 514, 513, 199, 200
1, 510, 509, 199, 200
0, 514, 514, 200, 200
0, 514, 514, 200, 200
-1, 514, 515, 200, 199
4, 518, 514, 198, 201
-2, 514, 516, 200, 199
2, 521, 519, 199, 200
2, 520, 518, 199, 200
3, 520, 517, 198, 201
2, 518, 516, 199, 200
-1, 516, 517, 200, 199
0, 519, 519, 200, 200
1, 518, 517, 199, 200
3, 516, 513, 198, 201
2, 516, 514, 199, 200
1, 516, 515, 199, 200
-2, 514, 516, 200, 199
-2, 512, 514, 200, 199
0, 515, 515, 200, 200
0, 512, 512, 200, 200
1, 512, 511, 199, 200
1, 511, 510, 199, 200
0, 509, 509, 200, 200
-2, 509, 511, 200, 199
-4, 512, 516, 201, 198
0, 512, 512, 200, 200
0, 515, 515, 200, 200
-1, 514, 515, 200, 199
0, 516, 516, 200, 200
1, 519, 518, 199, 200
0, 518, 518, 200, 200
1, 516, 515, 199, 200
-2, 516, 518, 200, 199
-5, 515, 520, 202, 198
-1, 519, 520, 200, 199
2, 519, 517, 199, 200
-4, 516, 520, 201, 198
2, 519, 517, 199, 200
-2, 515, 517, 200, 199
2, 516, 514, 199, 200
-2, 510, 512, 200, 199
1, 512, 511, 199, 200
-2, 509, 511, 200, 199
1, 511, 510, 199, 200
2, 511, 509, 199, 200
0, 509, 509, 200, 200
1, 509, 508, 199, 200
-2, 509, 511, 200, 199
-2, 507, 509, 200, 199
4, 512, 508, 198, 201
0, 514, 514, 200, 200
-2, 511, 513, 200, 199
3, 515, 512, 198, 201
0, 515, 515, 200, 200
0, 519, 519, 200, 200
1, 520, 519, 199, 200
0, 519, 519, 200, 200
2, 519, 517, 199, 200
-2, 518, 520, 200, 199
0, 518, 518, 200, 200
-3, 515, 518, 201, 198
-1, 514, 515, 200, 199
2, 520, 518, 199, 200
1, 515, 514, 199, 200
0, 514, 514, 200, 200
-4, 511, 515, 201, 198
-2, 511, 513, 200, 199
4, 515, 511, 198, 201
-3, 516, 519, 201, 198
-1, 514, 515, 200, 199
-4, 512, 516, 201, 198
-2, 514, 516, 200, 199
4, 518, 514, 198, 201
-2, 515, 517, 200, 199
1, 516, 515, 199, 200
-5, 516, 521, 202, 198
-1, 518, 519, 200, 199
-3, 518, 521, 201, 198
-1, 516, 517, 200, 199
-6, 514, 520, 202, 197
0, 518, 518, 200, 200
0, 519, 519, 200, 200
2, 518, 516, 199, 200
-3, 514, 517, 201, 198
-3, 516, 519, 201, 198
1, 516, 515, 199, 200
-1, 515, 516, 200, 199
-4, 513, 517, 201, 198
3, 516, 513, 198, 201
0, 514, 514, 200, 200
3, 516, 513, 198, 201
-1, 515, 516, 200, 199
-2, 515, 517, 200, 199
-5, 512, 517, 202, 198
-3, 514, 517, 201, 198
-2, 516, 518, 200, 199
-1, 515, 516, 200, 199
1, 514, 513, 199, 200
-2, 516, 518, 200, 199
-1, 521, 522, 200, 199
-1, 519, 520, 200, 199
2, 519, 517, 199, 200
-3, 516, 519, 201, 198
-1, 520, 521, 200, 199
1, 518, 517, 199, 200
-3, 517, 520, 201, 198
1, 517, 516, 199, 200
-3, 515, 518, 201, 198
-2, 515, 517, 200, 199
0, 516, 516, 200, 200
-1, 516, 517, 200, 199
-3, 514, 517, 201, 198
-1, 516, 517, 200, 199
1, 515, 514, 199, 200
-2, 515, 517, 200, 199
-2, 514, 516, 200, 199
3, 515, 512, 198, 201
-3, 515, 518, 201, 198
-1, 516, 517, 200, 199
-3, 515, 518, 201, 198
2, 518, 516, 199, 200
-2, 515, 517, 200, 199
2, 518, 516, 199, 200
7, 521, 514, 197, 202
1, 518, 517, 199, 200
2, 520, 518, 199, 200
3, 519, 516, 198, 201
1, 520, 519, 199, 200
0, 519, 519, 200, 200
0, 518, 518, 200, 200
-2, 516, 518, 200, 199
0, 515, 515, 200, 200
-2, 515, 517, 200, 199
1, 517, 516, 199, 200
-3, 515, 518, 201, 198
-2, 513, 515, 200, 199
2, 519, 517, 199, 200
-1, 514, 515, 200, 199
3, 518, 515, 198, 201
0, 515, 515, 200, 200
-1, 514, 515, 200, 199
-1, 517, 518, 200, 199
0, 515, 515, 200, 200
-2, 514, 516, 200, 199
-1, 514, 515, 200, 199
0, 517, 517, 200, 200
2, 517, 515, 199, 200
-1, 517, 518, 200, 199
2, 518, 516, 199, 200
-1, 518, 519, 200, 199
-3, 517, 520, 201, 198
-5, 512, 517, 202, 198
-1, 515, 516, 200, 199
-1, 517, 518, 200, 199
7, 519, 512, 197, 202
3, 519, 516, 198, 201
0, 516, 516, 200, 200
0, 512, 512, 200, 200
0, 513, 513, 200, 200
-1, 510, 511, 200, 199
3, 514, 511, 198, 201
-3, 509, 512, 201, 198
-2, 509, 511, 200, 199
-2, 510, 512, 200, 199
1, 510, 509, 199, 200
-5, 506, 511, 202, 198
-1, 509, 510, 200, 199
-2, 509, 511, 200, 199
-2, 509, 511, 200, 199
-1, 511, 512, 200, 199
1, 512, 511, 199, 200
3, 514, 511, 198, 201
-1, 511, 512, 200, 199
5, 516, 511, 198, 202
0, 514, 514, 200, 200
4, 520, 516, 198, 201
1, 518, 517, 199, 200
-3, 516, 519, 201, 198
-1, 516, 517, 200, 199
3, 519, 516, 198, 201
-1, 515, 516, 200, 199
-1, 516, 517, 200, 199
3, 517, 514, 198, 201
0, 516, 516, 200, 200
-1, 514, 515, 200, 199
-6, 511, 517, 202, 197
1, 513, 512, 199, 200
0, 513, 513, 200, 200
0, 512, 512, 200, 200
-5, 508, 513, 202, 198
-1, 509, 510, 200, 199
2, 509, 507, 199, 200
4, 509, 505, 198, 201
2, 510, 508, 199, 200
-1, 510, 511, 200, 199
-3, 509, 512, 201, 198
3, 512, 509, 198, 201
1, 512, 511, 199, 200
-2, 511, 513, 200, 199
0, 511, 511, 200, 200
-1, 515, 516, 200, 199
3, 515, 512, 198, 201
2, 516, 514, 199, 200
3, 516, 513, 198, 201
0, 516, 516, 200, 200
2, 518, 516, 199, 200
3, 518, 515, 198, 201
1, 517, 516, 199, 200
-1, 515, 516, 200, 199
-1, 515, 516, 200, 199
-2, 512, 514, 200, 199
3, 514, 511, 198, 201
-4, 511, 515, 201, 198
-2, 509, 511, 200, 199
-2, 509, 511, 200, 199
-1, 509, 510, 200, 199
1, 510, 509, 199, 200
4, 511, 507, 198, 201
0, 508, 508, 200, 200
-4, 507, 511, 201, 198
-2, 510, 512, 200, 199
-1, 508, 509, 200, 199
-7, 505, 512, 202, 197
3, 512, 509, 198, 201
5, 513, 508, 198, 202
1, 515, 514, 199, 200
3, 513, 510, 198, 201
-2, 514, 516, 200, 199
1, 516, 515, 199, 200
2, 518, 516, 199, 200
-3, 513, 516, 201, 198
-5, 513, 518, 202, 198
1, 518, 517, 199, 200
0, 514, 514, 200, 200
3, 518, 515, 198, 201
-4, 512, 516, 201, 198
0, 513, 513, 200, 200
5, 516, 511, 198, 202
3, 513, 510, 198, 201
0, 511, 511, 200, 200
-1, 510, 511, 200, 199
-1, 510, 511, 200, 199
-3, 509, 512, 201, 198
0, 510, 510, 200, 200
2, 510, 508, 199, 200
-3, 506, 509, 201, 198
-2, 509, 511, 200, 199
-2, 509, 511, 200, 199
-3, 509, 512, 201, 198
1, 513, 512, 199, 200
1, 513, 512, 199, 200
0, 514, 514, 200, 200
-4, 512, 516, 201, 198
-1, 515, 516, 200, 199
3, 518, 515, 198, 201
-1, 514, 515, 200, 199
-3, 514, 517, 201, 198
1, 517, 516, 199, 200
3, 517, 514, 198, 201
-2, 513, 515, 200, 199
-2, 514, 516, 200, 199
2, 515, 513, 199, 200
1, 513, 512, 199, 200
-1, 514, 515, 200, 199
1, 512, 511, 199, 200
6, 516, 510, 197, 202
-1, 511, 512, 200, 199
2, 509, 507, 199, 200
2, 512, 510, 199, 200
1, 510, 509, 199, 200
-2, 507, 509, 200, 199
-2, 509, 511, 200, 199
0, 509, 509, 200, 200
-2, 509, 511, 200, 199
-3, 509, 512, 201, 198
-2, 508, 510, 200, 199
-1, 512, 513, 200, 199
-2, 513, 515, 200, 199
1, 513, 512, 199, 200
-1, 514, 515, 200, 199
0, 515, 515, 200, 200
1, 518, 517, 199, 200
5, 520, 515, 198, 202
2, 520, 518, 199, 200
1, 520, 519, 199, 200
-3, 518, 521, 201, 198
4, 520, 516, 198, 201
-3, 516, 519, 201, 198
-4, 517, 521, 201, 198
3, 520, 517, 198, 201
-2, 516, 518, 200, 199
-2, 517, 519, 200, 199
4, 518, 514, 198, 201
0, 515, 515, 200, 200
4, 517, 513, 198, 201
0, 517, 517, 200, 200
1, 513, 512, 199, 200
0, 515, 515, 200, 200
4, 517, 513, 198, 201
-3, 513, 516, 201, 198
1, 515, 514, 199, 200
0, 515, 515, 200, 200
1, 519, 518, 199, 200
198, 714, 516, 120, 279
196, 712, 516, 121, 278
196, 712, 516, 121, 278
-3, 516, 519, 201, 198
3, 520, 517, 198, 201
-4, 519, 523, 201, 198
-1, 517, 518, 200, 199
5, 520, 515, 198, 202
0, 519, 519, 200, 200
273, 789, 516, 90, 309
323, 842, 519, 70, 329
328, 844, 516, 68, 331
324, 840, 516, 70, 329
326, 842, 516, 69, 330
328, 845, 517, 68, 331
328, 842, 514, 68, 331
325, 841, 516, 70, 330
327, 842, 515, 69, 330
330, 845, 515, 68, 332
325, 839, 514, 70, 330
333, 846, 513, 66, 333
326, 842, 516, 69, 330
322, 838, 516, 71, 328
330, 845, 515, 68, 332
327, 846, 519, 69, 330
323, 841, 518, 70, 329
328, 845, 517, 68, 331
327, 842, 515, 69, 330
0, 843, 843, 200, 200
5, 846, 841, 198, 202
-2, 842, 844, 200, 199
4, 846, 842, 198, 201
-6, 839, 845, 202, 197
0, 842, 842, 200, 200
-3, 842, 845, 201, 198
-3, 839, 842, 201, 198
4, 844, 840, 198, 201
7, 845, 838, 197, 202
4, 846, 842, 198, 201
0, 843, 843, 200, 200
-1, 842, 843, 200, 199
0, 841, 841, 200, 200
1, 844, 843, 199, 200
-2, 841, 843, 200, 199
-3, 840, 843, 201, 198
-2, 841, 843, 200, 199
0, 845, 845, 200, 200
1, 841, 840, 199, 200
2, 843, 841, 199, 200
-4, 842, 846, 201, 198
5, 849, 844, 198, 202
-4, 839, 843, 201, 198
0, 843, 843, 200, 200
3, 846, 843, 198, 201
-2, 845, 847, 200, 199
4, 847, 843, 198, 201
2, 841, 839, 199, 200
-5, 841, 846, 202, 198
-2, 841, 843, 200, 199
-2, 843, 845, 200, 199
0, 843, 843, 200, 200
0, 843, 843, 200, 200
-3, 843, 846, 201, 198
-1, 841, 842, 200, 199
7, 847, 840, 197, 202
-2, 843, 845, 200, 199
-1, 843, 844, 200, 199
-3, 839, 842, 201, 198
1, 841, 840, 199, 200
6, 844, 838, 197, 202
-4, 842, 846, 201, 198
-1, 841, 842, 200, 199
-5, 842, 847, 202, 198
-3, 841, 844, 201, 198
1, 842, 841, 199, 200
0, 843, 843, 200, 200
-4, 838, 842, 201, 198
-1, 843, 844, 200, 199
4, 847, 843, 198, 201
0, 841, 841, 200, 200
-2, 843, 845, 200, 199
1, 843, 842, 199, 200
3, 844, 841, 198, 201
-1, 841, 842, 200, 199
5, 846, 841, 198, 202
-1, 844, 845, 200, 199
2, 840, 838, 199, 200
4, 842, 838, 198, 201
1, 844, 843, 199, 200
-2, 841, 843, 200, 199
-2, 843, 845, 200, 199
-1, 840, 841, 200, 199
544, 844, 300, -17, 417
2, 322, 320, 199, 200
1, 318, 317, 199, 200
-4, 311, 315, 201, 198
-1, 304, 305, 200, 199
1, 301, 300, 199, 200
2, 300, 298, 199, 200
-540, 298, 838, 416, -16
0, 299, 299, 200, 200
-543, 298, 841, 417, -17
543, 844, 301, -17, 417
510, 855, 345, -4, 404
533, 851, 318, -13, 413
537, 837, 300, -14, 414
535, 835, 300, -14, 414
533, 835, 302, -13, 413
536, 836, 300, -14, 414
544, 842, 298, -17, 417
544, 844, 300, -17, 417
546, 845, 299, -18, 418
549, 846, 297, -19, 419
543, 844, 301, -17, 417
544, 844, 300, -17, 417
540, 841, 301, -16, 416
547, 844, 297, -18, 418
547, 845, 298, -18, 418
543, 843, 300, -17, 417
546, 845, 299, -18, 418
540, 841, 301, -16, 416
548, 846, 298, -19, 419
545, 845, 300, -18, 418
545, 844, 299, -18, 418
-1, 841, 842, 200, 199
547, 846, 299, -18, 418
0, 848, 848, 200, 200
547, 844, 297, -18, 418
0, 844, 844, 200, 200
542, 843, 301, -16, 416
5, 848, 843, 198, 202
546, 843, 297, -18, 418
0, 843, 843, 200, 200
543, 843, 300, -17, 417
1, 845, 844, 199, 200
545, 845, 300, -18, 418
3, 846, 843, 198, 201
543, 842, 299, -17, 417
2, 844, 842, 199, 200
1, 848, 847, 199, 200
544, 844, 300, -17, 417
2, 846, 844, 199, 200
-1, 844, 845, 200, 199
543, 843, 300, -17, 417
-2, 845, 847, 200, 199
5, 846, 841, 198, 202
544, 844, 300, -17, 417
1, 848, 847, 199, 200
1, 842, 841, 199, 200
544, 844, 300, -17, 417
-1, 842, 843, 200, 199
1, 843, 842, 199, 200
155, 775, 620, 138, 262
467, 768, 301, 13, 386
431, 875, 444, 27, 372
523, 822, 299, -9, 409
1, 825, 824, 199, 200
-1, 828, 829, 200, 199
6, 822, 816, 197, 202
3, 831, 828, 198, 201
-4, 814, 818, 201, 198
-2, 824, 826, 200, 199
510, 811, 301, -4, 404
527, 827, 300, -10, 410
8, 824, 816, 196, 203
-4, 833, 837, 201, 198
-3, 819, 822, 201, 198
2, 825, 823, 199, 200
0, 844, 844, 200, 200
-3, 832, 835, 201, 198
1, 815, 814, 199, 200
-3, 820, 823, 201, 198
0, 844, 844, 200, 200
3, 836, 833, 198, 201
3, 820, 817, 198, 201
5, 826, 821, 198, 202
3, 844, 841, 198, 201
-2, 833, 835, 200, 199
7, 819, 812, 197, 202
-1, 821, 822, 200, 199
1, 843, 842, 199, 200
2, 837, 835, 199, 200
514, 816, 302, -5, 405
521, 820, 299, -8, 408
547, 845, 298, -18, 418
533, 831, 298, -13, 413
2, 818, 816, 199, 200
3, 828, 825, 198, 201
-3, 849, 852, 201, 198
0, 838, 838, 200, 200
-2, 838, 840, 200, 199
3, 835, 832, 198, 201
-2, 824, 826, 200, 199
-3, 826, 829, 201, 198
520, 818, 298, -8, 408
0, 834, 834, 200, 200
528, 825, 297, -11, 411
536, 835, 299, -14, 414
-2, 826, 828, 200, 199
-2, 834, 836, 200, 199
7, 834, 827, 197, 202
-3, 824, 827, 201, 198
524, 824, 300, -9, 409
1, 827, 826, 199, 200
524, 822, 298, -9, 409
540, 839, 299, -16, 416
-3, 833, 836, 201, 198
0, 830, 830, 200, 200
-4, 828, 832, 201, 198
-1, 825, 826, 200, 199
2, 827, 825, 199, 200
527, 825, 298, -10, 410
525, 826, 301, -10, 410
2, 827, 825, 199, 200
2, 826, 824, 199, 200
3, 828, 825, 198, 201
524, 825, 301, -9, 409
529, 830, 301, -11, 411
-1, 827, 828, 200, 199
-6, 824, 830, 202, 197
-3, 824, 827, 201, 198
0, 825, 825, 200, 200
529, 827, 298, -11, 411
529, 828, 299, -11, 411
-1, 828, 829, 200, 199
-1, 826, 827, 200, 199
2, 828, 826, 199, 200
-4, 822, 826, 201, 198
-1, 826, 827, 200, 199
525, 825, 300, -10, 410
529, 827, 298, -11, 411
-1, 823, 824, 200, 199
-4, 823, 827, 201, 198
-2, 297, 299, 200, 199
306, 948, 642, 77, 322
388, 886, 498, 44, 355
406, 879, 473, 37, 362
0, 867, 867, 200, 200
5, 853, 848, 198, 202
1, 849, 848, 199, 200
-2, 845, 847, 200, 199
0, 842, 842, 200, 200
108, 847, 739, 156, 243
1, 843, 842, 199, 200
75, 841, 766, 170, 230
-1, 840, 841, 200, 199
75, 842, 767, 170, 230
1, 841, 840, 199, 200
-4, 839, 843, 201, 198
-1, 843, 844, 200, 199
-4, 839, 843, 201, 198
-2, 841, 843, 200, 199
-1, 842, 843, 200, 199
1, 841, 840, 199, 200
-1, 842, 843, 200, 199
-2, 840, 842, 200, 199
-2, 842, 844, 200, 199
2, 842, 840, 199, 200
4, 847, 843, 198, 201
-6, 839, 845, 202, 197
0, 843, 843, 200, 200
4, 845, 841, 198, 201
0, 842, 842, 200, 200
1, 843, 842, 199, 200
-1, 844, 845, 200, 199
1, 841, 840, 199, 200
-5, 839, 844, 202, 198
2, 842, 840, 199, 200
1, 841, 840, 199, 200
-2, 841, 843, 200, 199
-1, 841, 842, 200, 199
3, 841, 838, 198, 201
1, 841, 840, 199, 200
1, 839, 838, 199, 200
2, 839, 837, 199, 200
1, 841, 840, 199, 200
-4, 837, 841, 201, 198
0, 840, 840, 200, 200
0, 843, 843, 200, 200
3, 843, 840, 198, 201
4, 844, 840, 198, 201
0, 842, 842, 200, 200
6, 845, 839, 197, 202
-3, 840, 843, 201, 198
-4, 841, 845, 201, 198
-4, 842, 846, 201, 198
-2, 841, 843, 200, 199
2, 844, 842, 199, 200
6, 848, 842, 197, 202
0, 844, 844, 200, 200
3, 845, 842, 198, 201
-8, 841, 849, 203, 196
0, 842, 842, 200, 200
547, 846, 299, -18, 418
0, 840, 840, 200, 200
-4, 837, 841, 201, 198
1, 843, 842, 199, 200
-3, 839, 842, 201, 198
1, 841, 840, 199, 200
2, 841, 839, 199, 200
3, 840, 837, 198, 201
-1, 842, 843, 200, 199
0, 840, 840, 200, 200
6, 847, 841, 197, 202
2, 843, 841, 199, 200
1, 845, 844, 199, 200
7, 849, 842, 197, 202
3, 843, 840, 198, 201
-543, 300, 843, 417, -17
-549, 298, 847, 419, -19
-36, 812, 848, 214, 185
-544, 298, 842, 417, -17
-547, 299, 846, 418, -18
-421, 424, 845, 368, 31
3, 845, 842, 198, 201
-2, 839, 841, 200, 199
0, 843, 843, 200, 200
-295, 546, 841, 318, 82
-301, 545, 846, 320, 79
0, 842, 842, 200, 200
-416, 430, 846, 366, 33
-418, 429, 847, 367, 32
-3, 843, 846, 201, 198
2, 846, 844, 199, 200
-541, 301, 842, 416, -16
-549, 300, 849, 419, -19
-417, 429, 846, 366, 33
5, 847, 842, 198, 202
0, 843, 843, 200, 200
0, 840, 840, 200, 200
-544, 300, 844, 417, -17
-33, 816, 849, 213, 186
-23, 817, 840, 209, 190
-28, 815, 843, 211, 188
-415, 432, 847, 366, 34
3, 844, 841, 198, 201
1, 843, 842, 199, 200
-262, 584, 846, 304, 95
-54, 790, 844, 221, 178
-57, 788, 845, 222, 177
-540, 302, 842, 416, -16
-28, 814, 842, 211, 188
-28, 816, 844, 211, 188
-547, 298, 845, 418, -18
1, 843, 842, 199, 200
-419, 427, 846, 367, 32
-414, 429, 843, 365, 34
2, 844, 842, 199, 200
0, 844, 844, 200, 200
-2, 842, 844, 200, 199
-4, 842, 846, 201, 198
-544, 300, 844, 417, -17
-545, 301, 846, 418, -18
-3, 844, 847, 201, 198
-34, 815, 849, 213, 186
1, 843, 842, 199, 200
-103, 741, 844, 241, 158
-106, 736, 842, 242, 157
-53, 788, 841, 221, 178
-60, 785, 845, 224, 176
-545, 298, 843, 418, -18
-547, 298, 845, 418, -18
0, 842, 842, 200, 200
-542, 300, 842, 416, -16
-543, 300, 843, 417, -17
-541, 302, 843, 416, -16
-3, 839, 842, 201, 198
-541, 299, 840, 416, -16
-2, 845, 847, 200, 199
-544, 302, 846, 417, -17
-544, 300, 844, 417, -17
0, 843, 843, 200, 200
-543, 300, 843, 417, -17
-2, 842, 844, 200, 199
-539, 300, 839, 415, -15
1, 844, 843, 199, 200
-540, 301, 841, 416, -16
0, 843, 843, 200, 200
-541, 299, 840, 416, -16
4, 848, 844, 198, 201
-544, 299, 843, 417, -17
1, 846, 845, 199, 200
-542, 299, 841, 416, -16
-1, 840, 841, 200, 199
-2, 842, 844, 200, 199
-544, 300, 844, 417, -17
0, 844, 844, 200, 200
-27, 814, 841, 210, 189
-28, 817, 845, 211, 188
2, 845, 843, 199, 200
-3, 841, 844, 201, 198
4, 845, 841, 198, 201
4, 847, 843, 198, 201
1, 842, 841, 199, 200
-1, 841, 842, 200, 199
0, 842, 842, 200, 200
0, 843, 843, 200, 200
-545, 299, 844, 418, -18
1, 845, 844, 199, 200
2, 842, 840, 199, 200
-545, 297, 842, 418, -18
-1, 839, 840, 200, 199
0, 842, 842, 200, 200
-544, 302, 846, 417, -17
-4, 840, 844, 201, 198
1, 842, 841, 199, 200
-2, 839, 841, 200, 199
-420, 424, 844, 368, 32
-3, 841, 844, 201, 198
-108, 736, 844, 243, 156
-103, 740, 843, 241, 158
-108, 738, 846, 243, 156
-106, 738, 844, 242, 157
-103, 739, 842, 241, 158
-105, 741, 846, 242, 158
-101, 741, 842, 240, 159
-111, 734, 845, 244, 155
-109, 735, 844, 243, 156
-105, 739, 844, 242, 158
-105, 736, 841, 242, 158
-104, 738, 842, 241, 158
-105, 735, 840, 242, 158
-104, 732, 836, 241, 158
-104, 735, 839, 241, 158
-107, 737, 844, 242, 157
-110, 735, 845, 244, 156
-109, 732, 841, 243, 156
-107, 737, 844, 242, 157
-109, 733, 842, 243, 156
-106, 733, 839, 242, 157
-108, 733, 841, 243, 156
2, 842, 840, 199, 200
-1, 842, 843, 200, 199
-1, 840, 841, 200, 199
1, 843, 842, 199, 200
6, 844, 838, 197, 202
0, 844, 844, 200, 200
2, 844, 842, 199, 200
-1, 842, 843, 200, 199
2, 844, 842, 199, 200
-2, 841, 843, 200, 199
-6, 840, 846, 202, 197
-2, 842, 844, 200, 199
0, 841, 841, 200, 200
-1, 841, 842, 200, 199
-1, 842, 843, 200, 199
0, 840, 840, 200, 200
3, 844, 841, 198, 201
1, 840, 839, 199, 200
-5, 838, 843, 202, 198
-2, 839, 841, 200, 199
2, 841, 839, 199, 200
3, 842, 839, 198, 201
1, 842, 841, 199, 200
-1, 839, 840, 200, 199
3, 841, 838, 198, 201
-1, 843, 844, 200, 199
1, 841, 840, 199, 200
0, 840, 840, 200, 200
-541, 299, 840, 416, -16
3, 845, 842, 198, 201
-6, 840, 846, 202, 197
3, 845, 842, 198, 201
-6, 841, 847, 202, 197
1, 844, 843, 199, 200
-5, 838, 843, 202, 198
-539, 301, 840, 415, -15
-2, 841, 843, 200, 199
-3, 843, 846, 201, 198
0, 844, 844, 200, 200
0, 841, 841, 200, 200
-4, 841, 845, 201, 198
0, 842, 842, 200, 200
-8, 838, 846, 203, 196
-1, 840, 841, 200, 199
1, 842, 841, 199, 200
6, 841, 835, 197, 202
2, 845, 843, 199, 200
2, 842, 840, 199, 200
-3, 838, 841, 201, 198
0, 841, 841, 200, 200
-4, 839, 843, 201, 198
-6, 839, 845, 202, 197
0, 842, 842, 200, 200
-4, 839, 843, 201, 198
3, 845, 842, 198, 201
-1, 842, 843, 200, 199
-4, 840, 844, 201, 198
0, 845, 845, 200, 200
0, 843, 843, 200, 200
3, 844, 841, 198, 201
-4, 840, 844, 201, 198
2, 845, 843, 199, 200
-3, 840, 843, 201, 198
-2, 840, 842, 200, 199
4, 842, 838, 198, 201
-4, 839, 843, 201, 198
-1, 841, 842, 200, 199
-4, 843, 847, 201, 198
-7, 838, 845, 202, 197
2, 843, 841, 199, 200
0, 840, 840, 200, 200
2, 842, 840, 199, 200
-7, 836, 843, 202, 197
-101, 739, 840, 240, 159
5, 847, 842, 198, 202
-106, 736, 842, 242, 157
-5, 840, 845, 202, 198
-106, 733, 839, 242, 157
-107, 733, 840, 242, 157
-3, 840, 843, 201, 198
-107, 737, 844, 242, 157
3, 846, 843, 198, 201
-116, 730, 846, 246, 153
-5, 840, 845, 202, 198
-4, 842, 846, 201, 198
-104, 738, 842, 241, 158
-2, 844, 846, 200, 199
-102, 739, 841, 240, 159
-2, 843, 845, 200, 199
-108, 736, 844, 243, 156
2, 844, 842, 199, 200
-1, 842, 843, 200, 199
-105, 738, 843, 242, 158
-2, 839, 841, 200, 199
-104, 737, 841, 241, 158
-2, 840, 842, 200, 199
-2, 843, 845, 200, 199
-102, 737, 839, 240, 159
3, 843, 840, 198, 201
1, 842, 841, 199, 200
-109, 732, 841, 243, 156
1, 840, 839, 199, 200
2, 843, 841, 199, 200
-103, 737, 840, 241, 158
7, 845, 838, 197, 202
1, 841, 840, 199, 200
0, 842, 842, 200, 200
-104, 735, 839, 241, 158
0, 840, 840, 200, 200
1, 843, 842, 199, 200
-102, 738, 840, 240, 159
0, 839, 839, 200, 200
-1, 842, 843, 200, 199
4, 845, 841, 198, 201
0, 842, 842, 200, 200
-104, 737, 841, 241, 158
1, 843, 842, 199, 200
2, 843, 841, 199, 200
-7, 838, 845, 202, 197
-104, 736, 840, 241, 158
-3, 840, 843, 201, 198
-5, 837, 842, 202, 198
3, 845, 842, 198, 201
-1, 841, 842, 200, 199
-2, 841, 843, 200, 199
-2, 839, 841, 200, 199
-103, 735, 838, 241, 158
-2, 842, 844, 200, 199
2, 842, 840, 199, 200
2, 842, 840, 199, 200
1, 841, 840, 199, 200
3, 844, 841, 198, 201
-104, 736, 840, 241, 158
0, 839, 839, 200, 200
6, 846, 840, 197, 202
1, 841, 840, 199, 200
-1, 840, 841, 200, 199
2, 841, 839, 199, 200
1, 844, 843, 199, 200
-101, 737, 838, 240, 159
-4, 840, 844, 201, 198
-2, 839, 841, 200, 199
-4, 840, 844, 201, 198
-89, 757, 846, 235, 164
-87, 759, 846, 234, 165
-106, 739, 845, 242, 157
-108, 735, 843, 243, 156
-103, 737, 840, 241, 158
-542, 300, 842, 416, -16
-1, 843, 844, 200, 199
-1, 842, 843, 200, 199
1, 842, 841, 199, 200
-541, 300, 841, 416, -16
-542, 299, 841, 416, -16
2, 844, 842, 199, 200
-53, 785, 838, 221, 178
-61, 787, 848, 224, 175
-543, 300, 843, 417, -17
-544, 299, 843, 417, -17
-15, 833, 848, 206, 194
-546, 300, 846, 418, -18
-17, 828, 845, 206, 193
-17, 828, 845, 206, 193
